Aug 30, 2013    1,632.97
Aug 29, 2013	1,638.17
Aug 28, 2013	1,634.96
Aug 27, 2013	1,630.48
Aug 26, 2013	1,656.78
Aug 23, 2013	1,663.50
Aug 22, 2013	1,656.96
Aug 21, 2013	1,642.80
Aug 20, 2013	1,652.35
Aug 19, 2013	1,646.06
Aug 16, 2013	1,655.83
Aug 15, 2013	1,661.32
Aug 14, 2013	1,685.39
Aug 13, 2013	1,694.16
Aug 12, 2013	1,689.47
Aug 9, 2013		1,691.42	
Aug 8, 2013		1,697.48	
Aug 7, 2013		1,690.91	
Aug 6, 2013		1,697.37
Aug 5, 2013		1,707.14	
Aug 2, 2013		1,709.67	
Aug 1, 2013		1,706.87	
Jul 31, 2013	1,685.73	
Jul 30, 2013	1,685.96	
Jul 29, 2013	1,685.33	
Jul 26, 2013	1,691.65	
Jul 25, 2013	1,690.25	
Jul 24, 2013	1,685.94	
Jul 23, 2013	1,692.39	
Jul 22, 2013	1,695.53	
Jul 19, 2013	1,692.09	
Jul 18, 2013	1,689.37	
Jul 17, 2013	1,680.91	
Jul 16, 2013	1,676.26	
Jul 15, 2013	1,682.50	
Jul 12, 2013	1,680.19	
Jul 11, 2013	1,675.02	
Jul 10, 2013	1,652.62	
Jul 9, 2013		1,652.32	
Jul 8, 2013		1,640.46	
Jul 5, 2013		1,631.89	
Jul 3, 2013		1,615.41	
Jul 2, 2013		1,614.08	
Jul 1, 2013		1,614.96	
Jun 28, 2013	1,606.28	
Jun 27, 2013	1,613.20	
Jun 26, 2013	1,603.26	
Jun 25, 2013	1,588.03	
Jun 24, 2013	1,573.09	
Jun 21, 2013	1,592.43	
Jun 20, 2013	1,588.19	
Jun 19, 2013	1,628.93	
Jun 18, 2013	1,651.81	
Jun 17, 2013	1,639.04	
Jun 14, 2013	1,626.73	
Jun 13, 2013	1,636.36	
Jun 12, 2013	1,612.52	
Jun 11, 2013	1,626.13	
Jun 10, 2013	1,642.81	
Jun 7, 2013		1,643.38	
Jun 6, 2013		1,622.56	
Jun 5, 2013		1,608.90	
Jun 4, 2013		1,631.38	
Jun 3, 2013		1,640.42	
May 31, 2013	1,630.74	
May 30, 2013	1,654.41	
May 29, 2013	1,648.36	
May 28, 2013	1,660.06	
May 24, 2013	1,649.60	
May 23, 2013	1,650.51	
May 22, 2013	1,655.35	
May 21, 2013	1,669.16	
May 20, 2013	1,666.29	
May 17, 2013	1,667.47	
May 16, 2013	1,650.47	
May 15, 2013	1,658.78	
May 14, 2013	1,650.34	
May 13, 2013	1,633.77	
May 10, 2013	1,633.70	
May 9, 2013		1,626.67	
May 8, 2013		1,632.69	
May 7, 2013		1,625.96	
May 6, 2013		1,617.50	
May 3, 2013		1,614.42	
May 2, 2013		1,597.59	
May 1, 2013		1,582.70	
Apr 30, 2013	1,597.57	
Apr 29, 2013	1,593.61	
Apr 26, 2013	1,582.24	
Apr 25, 2013	1,585.16	
Apr 24, 2013	1,578.79	
Apr 23, 2013	1,578.78	
Apr 22, 2013	1,562.50	
Apr 19, 2013	1,555.25	
Apr 18, 2013	1,541.61	
Apr 17, 2013	1,552.01	
Apr 16, 2013	1,574.57	
Apr 15, 2013	1,552.36	
Apr 12, 2013	1,588.85	
Apr 11, 2013	1,593.37	
Apr 10, 2013	1,587.73	
Apr 9, 2013		1,568.61	
Apr 8, 2013		1,563.07	
Apr 5, 2013		1,553.28	
Apr 4, 2013		1,559.98	
Apr 3, 2013		1,553.69	
Apr 2, 2013		1,570.25	
Apr 1, 2013		1,562.17	
Mar 28, 2013	1,569.19	
Mar 27, 2013	1,562.85	
Mar 26, 2013	1,563.77	
Mar 25, 2013	1,551.69	
Mar 22, 2013	1,556.89	
Mar 21, 2013	1,545.80	
Mar 20, 2013	1,558.71	
Mar 19, 2013	1,548.34	
Mar 18, 2013	1,552.10	
Mar 15, 2013	1,560.70	
Mar 14, 2013	1,563.23	
Mar 13, 2013	1,554.52	
Mar 12, 2013	1,552.48	
Mar 11, 2013	1,556.22	
Mar 8, 2013		1,551.18	
Mar 7, 2013		1,544.26	
Mar 6, 2013		1,541.46	
Mar 5, 2013		1,539.79	
Mar 4, 2013		1,525.20	
Mar 1, 2013		1,518.20	
Feb 28, 2013	1,514.68	
Feb 27, 2013	1,515.99	
Feb 26, 2013	1,496.94	
Feb 25, 2013	1,487.85	
Feb 22, 2013	1,515.60	
Feb 21, 2013	1,502.42	
Feb 20, 2013	1,511.95	
Feb 19, 2013	1,530.94	
Feb 15, 2013	1,519.79	
Feb 14, 2013	1,521.38	
Feb 13, 2013	1,520.33	
Feb 12, 2013	1,519.43	
Feb 11, 2013	1,517.01	
Feb 8, 2013		1,509.39	
Feb 7, 2013		1,498.49	
Feb 6, 2013		1,504.71	
Feb 5, 2013		1,495.71	
Feb 4, 2013		1,495.02	
Feb 1, 2013		1,498.11	
Jan 31, 2013	1,498.11	
Jan 30, 2013	1,501.96	
Jan 29, 2013	1,507.84	
Jan 28, 2013	1,500.18	
Jan 25, 2013	1,502.96	
Jan 24, 2013	1,494.82	
Jan 23, 2013	1,494.81	
Jan 22, 2013	1,492.56	
Jan 18, 2013	1,485.98	
Jan 17, 2013	1,480.94	
Jan 16, 2013	1,472.63	
Jan 15, 2013	1,472.34	
Jan 14, 2013	1,470.68	
Jan 11, 2013	1,472.05	
Jan 10, 2013	1,472.12	
Jan 9, 2013	    1,461.02	
Jan 8, 2013	    1,457.15	
Jan 7, 2013	    1,461.89	
Jan 4, 2013	    1,466.47	
Jan 3, 2013	    1,459.37	
Jan 2, 2013	    1,462.42	
Dec 31, 2012	1,426.19	
Dec 28, 2012	1,402.43	
Dec 27, 2012	1,418.10	
Dec 26, 2012	1,419.83	
Dec 24, 2012	1,426.66	
Dec 21, 2012	1,430.15	
Dec 20, 2012	1,443.69	
Dec 19, 2012	1,435.81	
Dec 18, 2012	1,446.79	
Dec 17, 2012	1,430.36	
Dec 14, 2012	1,413.58	
Dec 13, 2012	1,419.45	
Dec 12, 2012	1,428.48	
Dec 11, 2012	1,427.84	
Dec 10, 2012	1,418.55	
Dec 7, 2012 	1,418.07	
Dec 6, 2012 	1,413.94	
Dec 5, 2012 	1,409.28	
Dec 4, 2012 	1,407.05	
Dec 3, 2012 	1,409.46	
Nov 30, 2012	1,416.18	
Nov 29, 2012	1,415.95	
Nov 28, 2012	1,409.93	
Nov 27, 2012	1,398.94	
Nov 26, 2012	1,406.29	
Nov 23, 2012	1,409.15	
Nov 21, 2012	1,391.03	
Nov 20, 2012	1,387.81	
Nov 19, 2012	1,386.89	
Nov 16, 2012	1,359.88	
Nov 15, 2012	1,353.33	
Nov 14, 2012	1,355.49	
Nov 13, 2012	1,374.53	
Nov 12, 2012	1,380.03	
Nov 9, 2012		1,379.85	
Nov 8, 2012		1,377.51	
Nov 7, 2012		1,394.53	
Nov 6, 2012		1,428.39	
Nov 5, 2012		1,417.26	
Nov 2, 2012		1,414.20	
Nov 1, 2012		1,427.59	
Oct 31, 2012	1,412.16	
Oct 26, 2012	1,411.94	
Oct 25, 2012	1,412.97	
Oct 24, 2012	1,408.75
Oct 23, 2012	1,413.11	
Oct 22, 2012	1,433.82	
Oct 19, 2012	1,433.19	
Oct 18, 2012	1,457.34	
Oct 17, 2012	1,460.91	
Oct 16, 2012	1,454.92	
Oct 15, 2012	1,440.13	
Oct 12, 2012	1,428.59	
Oct 11, 2012	1,432.84	
Oct 10, 2012	1,432.56	
Oct 9, 2012	    1,441.48	
Oct 8, 2012	    1,455.88	
Oct 5, 2012	    1,460.93	
Oct 4, 2012	    1,461.40	
Oct 3, 2012	    1,450.99	
Oct 2, 2012	    1,445.75	
Oct 1, 2012	    1,444.49	
Sep 28, 2012	1,440.67	
Sep 27, 2012	1,447.15	
Sep 26, 2012	1,433.32	
Sep 25, 2012	1,441.59	
Sep 24, 2012	1,456.89	
Sep 21, 2012	1,460.15	
Sep 20, 2012	1,460.26	
Sep 19, 2012	1,461.05	
Sep 18, 2012	1,459.32	
Sep 17, 2012	1,461.19	
Sep 14, 2012	1,465.77	
Sep 13, 2012	1,459.99	
Sep 12, 2012	1,436.56	
Sep 11, 2012	1,433.56	
Sep 10, 2012	1,429.08	
Sep 7, 2012	    1,437.92	
Sep 6, 2012	    1,432.12	
Sep 5, 2012	    1,403.44	
Sep 4, 2012	    1,404.94	
Aug 31, 2012	1,406.58	
Aug 30, 2012	1,399.48	
Aug 29, 2012	1,410.49	
Aug 28, 2012	1,409.30	
Aug 27, 2012	1,410.44	
Aug 24, 2012	1,411.13	
Aug 23, 2012	1,402.08	
Aug 22, 2012	1,413.49	
Aug 21, 2012	1,413.17	
Aug 20, 2012	1,418.13	
Aug 17, 2012	1,418.16	
Aug 16, 2012	1,415.51	
Aug 15, 2012	1,405.53	
Aug 14, 2012	1,403.93	
Aug 13, 2012	1,404.11	
Aug 10, 2012	1,405.87	
Aug 9, 2012		1,402.80	
Aug 8, 2012		1,402.22	
Aug 7, 2012		1,401.35	
Aug 6, 2012		1,394.23	
Aug 3, 2012		1,390.99	
Aug 2, 2012		1,365.00	
Aug 1, 2012		1,375.32	
Jul 31, 2012	1,379.32	
Jul 30, 2012	1,385.30	
Jul 27, 2012	1,385.97	
Jul 26, 2012	1,360.02	
Jul 25, 2012	1,337.89	
Jul 24, 2012	1,338.31	
Jul 23, 2012	1,350.52	
Jul 20, 2012	1,362.66	
Jul 19, 2012	1,376.51	
Jul 18, 2012	1,372.78	
Jul 17, 2012	1,363.67	
Jul 16, 2012	1,353.64	
Jul 13, 2012	1,356.78	
Jul 12, 2012	1,334.76	
Jul 11, 2012	1,341.45	
Jul 10, 2012	1,341.47	
Jul 9, 2012		1,352.46	
Jul 6, 2012		1,354.68	
Jul 5, 2012		1,367.58	
Jul 3, 2012		1,374.02	
Jul 2, 2012		1,365.51	
Jun 29, 2012	1,362.16	
Jun 28, 2012	1,329.04	
Jun 27, 2012	1,331.85	
Jun 26, 2012	1,319.99	
Jun 25, 2012	1,313.72	
Jun 22, 2012	1,335.02	
Jun 21, 2012	1,325.51	
Jun 20, 2012	1,355.69	
Jun 19, 2012	1,357.98	
Jun 18, 2012	1,344.78	
Jun 15, 2012	1,342.84	
Jun 14, 2012	1,329.10	
Jun 13, 2012	1,314.88	
Jun 12, 2012	1,324.18	
Jun 11, 2012	1,308.93	
Jun 8, 2012		1,325.66	
Jun 7, 2012		1,314.99	
Jun 6, 2012		1,315.13	
Jun 5, 2012		1,285.50	
Jun 4, 2012		1,278.18	
Jun 1, 2012		1,278.04	
May 31, 2012	1,310.33
May 30, 2012	1,313.32
May 29, 2012	1,332.42
May 25, 2012	1,317.82
May 24, 2012	1,320.68
May 23, 2012	1,318.86
May 22, 2012	1,316.63
May 21, 2012	1,315.99
May 18, 2012	1,295.22
May 17, 2012	1,304.86
May 16, 2012	1,324.80
May 15, 2012	1,330.66
May 14, 2012	1,338.35
May 11, 2012	1,353.39
May 10, 2012	1,357.99
May 9, 2012		1,354.58	
May 8, 2012		1,363.72	
May 7, 2012		1,369.58	
May 4, 2012		1,369.10	
May 3, 2012		1,391.57	
May 2, 2012		1,402.31	
May 1, 2012		1,405.82	
Apr 30, 2012	1,397.91
Apr 27, 2012	1,403.36
Apr 26, 2012	1,399.98
Apr 25, 2012	1,390.69
Apr 24, 2012	1,371.97
Apr 23, 2012	1,366.94
Apr 20, 2012	1,378.53
Apr 19, 2012	1,376.92
Apr 18, 2012	1,385.14
Apr 17, 2012	1,390.78
Apr 16, 2012	1,369.57
Apr 13, 2012	1,370.26
Apr 12, 2012	1,387.57
Apr 11, 2012	1,368.71
Apr 10, 2012	1,358.59
Apr 9, 2012		1,382.20	
Apr 5, 2012		1,398.08	
Apr 4, 2012		1,398.96	
Apr 3, 2012		1,413.38	
Apr 2, 2012		1,419.04	
Mar 30, 2012	1,408.47
Mar 29, 2012	1,403.28
Mar 28, 2012	1,405.54
Mar 27, 2012	1,412.52
Mar 26, 2012	1,416.51
Mar 23, 2012	1,397.11
Mar 22, 2012	1,392.78
Mar 21, 2012	1,402.89
Mar 20, 2012	1,405.52
Mar 19, 2012	1,409.75
Mar 16, 2012	1,404.17
Mar 15, 2012	1,402.60
Mar 14, 2012	1,394.28
Mar 13, 2012	1,395.95
Mar 12, 2012	1,371.09
Mar 9, 2012		1,370.87	
Mar 8, 2012		1,365.91	
Mar 7, 2012		1,352.63	
Mar 6, 2012		1,343.36	
Mar 5, 2012		1,364.33	
Mar 2, 2012		1,369.63	
Mar 1, 2012		1,374.09	
Feb 29, 2012	1,365.68
Feb 28, 2012	1,372.18
Feb 27, 2012	1,367.59
Feb 24, 2012	1,365.74
Feb 23, 2012	1,363.46
Feb 22, 2012	1,357.66
Feb 21, 2012	1,362.21
Feb 17, 2012	1,361.23
Feb 16, 2012	1,358.04
Feb 15, 2012	1,343.23
Feb 14, 2012	1,350.50
Feb 13, 2012	1,351.77
Feb 10, 2012	1,342.64
Feb 9, 2012		1,351.95	
Feb 8, 2012		1,349.96	
Feb 7, 2012		1,347.05	
Feb 6, 2012		1,344.33	
Feb 3, 2012		1,344.90	
Feb 2, 2012		1,325.54	
Feb 1, 2012		1,324.09	
Jan 31, 2012	1,312.41
Jan 30, 2012	1,313.01
Jan 27, 2012	1,316.33
Jan 26, 2012	1,318.43
Jan 25, 2012	1,326.06
Jan 24, 2012	1,314.65
Jan 23, 2012	1,316.00
Jan 20, 2012	1,315.38
Jan 19, 2012	1,314.50
Jan 18, 2012	1,308.04
Jan 17, 2012	1,293.67
Jan 13, 2012	1,289.09
Jan 12, 2012	1,295.50
Jan 11, 2012	1,292.48
Jan 10, 2012	1,292.08
Jan 9, 2012		1,280.70	
Jan 6, 2012		1,277.81	
Jan 5, 2012		1,281.06	
Jan 4, 2012		1,277.30	
Jan 3, 2012		1,277.06	
Dec 30, 2011	1,257.60
Dec 29, 2011	1,263.02
Dec 28, 2011	1,249.64
Dec 27, 2011	1,265.43
Dec 23, 2011	1,265.33
Dec 22, 2011	1,254.00
Dec 21, 2011	1,243.72
Dec 20, 2011	1,241.30
Dec 19, 2011	1,205.35
Dec 16, 2011	1,219.66
Dec 15, 2011	1,215.75
Dec 14, 2011	1,211.82
Dec 13, 2011	1,225.73
Dec 12, 2011	1,236.47
Dec 9, 2011		1,255.19	
Dec 8, 2011		1,234.35	
Dec 7, 2011		1,261.01	
Dec 6, 2011		1,258.47	
Dec 5, 2011		1,257.08	
Dec 2, 2011		1,244.28	
Dec 1, 2011		1,244.58	
Nov 30, 2011	1,246.96
Nov 29, 2011	1,195.19
Nov 28, 2011	1,192.55
Nov 25, 2011	1,158.67
Nov 23, 2011	1,161.79
Nov 22, 2011	1,188.04
Nov 21, 2011	1,192.98
Nov 18, 2011	1,215.65
Nov 17, 2011	1,216.13
Nov 16, 2011	1,236.91
Nov 15, 2011	1,257.81
Nov 14, 2011	1,251.78
Nov 11, 2011	1,263.85
Nov 10, 2011	1,239.70
Nov 9, 2011		1,229.10	
Nov 8, 2011		1,275.92	
Nov 7, 2011		1,261.12	
Nov 4, 2011		1,253.23	
Nov 3, 2011		1,261.15	
Nov 2, 2011		1,237.90	
Nov 1, 2011		1,218.28	
Oct 31, 2011	1,253.30	
Oct 28, 2011	1,285.09	
Oct 27, 2011	1,284.59	
Oct 26, 2011	1,242.00	
Oct 25, 2011	1,229.05	
Oct 24, 2011	1,254.19	
Oct 21, 2011	1,238.25	
Oct 20, 2011	1,215.39	
Oct 19, 2011	1,209.88	
Oct 18, 2011	1,225.38	
Oct 17, 2011	1,200.86	
Oct 14, 2011	1,224.58	
Oct 13, 2011	1,203.66	
Oct 12, 2011	1,207.25	
Oct 11, 2011	1,195.54	
Oct 10, 2011	1,194.89	
Oct 7, 2011		1,155.46	
Oct 6, 2011		1,164.97	
Oct 5, 2011		1,144.03	
Oct 4, 2011		1,123.95	
Oct 3, 2011		1,099.23	
Sep 30, 2011	1,131.42	
Sep 29, 2011	1,160.40	
Sep 28, 2011	1,151.06	
Sep 27, 2011	1,175.38	
Sep 26, 2011	1,162.95	
Sep 23, 2011	1,136.43	
Sep 22, 2011	1,129.56	
Sep 21, 2011	1,166.76	
Sep 20, 2011	1,202.09	
Sep 19, 2011	1,204.09	
Sep 16, 2011	1,216.01	
Sep 15, 2011	1,209.11	
Sep 14, 2011	1,188.68	
Sep 13, 2011	1,172.87	
Sep 12, 2011	1,162.27	
Sep 9, 2011		1,154.23	
Sep 8, 2011		1,185.90	
Sep 7, 2011		1,198.62	
Sep 6, 2011		1,165.24	
Sep 2, 2011		1,173.97	
Sep 1, 2011		1,204.42	
Aug 31, 2011	1,218.89	
Aug 30, 2011	1,212.92	
Aug 29, 2011	1,210.08	
Aug 26, 2011	1,176.80	
Aug 25, 2011	1,159.27	
Aug 24, 2011	1,177.60	
Aug 23, 2011	1,162.35	
Aug 22, 2011	1,123.82	
Aug 19, 2011	1,123.53	
Aug 18, 2011	1,140.65	
Aug 17, 2011	1,193.89	
Aug 16, 2011	1,192.76	
Aug 15, 2011	1,204.49	
Aug 12, 2011	1,178.81	
Aug 11, 2011	1,172.64	
Aug 10, 2011	1,120.76	
Aug 9, 2011		1,172.53	
Aug 8, 2011		1,119.46	
Aug 5, 2011		1,199.38	
Aug 4, 2011		1,200.07	
Aug 3, 2011		1,260.34	
Aug 2, 2011		1,254.05	
Aug 1, 2011		1,286.94	
Jul 29, 2011	1,292.28	
Jul 28, 2011	1,300.67	
Jul 27, 2011	1,304.89	
Jul 26, 2011	1,331.94	
Jul 25, 2011	1,337.43	
Jul 22, 2011	1,345.02	
Jul 21, 2011	1,343.80	
Jul 20, 2011	1,325.84	
Jul 19, 2011	1,326.73	
Jul 18, 2011	1,305.44	
Jul 15, 2011	1,316.14	
Jul 14, 2011	1,308.87	
Jul 13, 2011	1,317.72	
Jul 12, 2011	1,313.64	
Jul 11, 2011	1,319.49	
Jul 8, 2011		1,343.80	
Jul 7, 2011		1,353.22	
Jul 6, 2011		1,339.22	
Jul 5, 2011		1,337.88	
Jul 1, 2011		1,339.67	
Jun 30, 2011	1,320.64
Jun 29, 2011	1,307.41
Jun 28, 2011	1,296.67
Jun 27, 2011	1,280.10
Jun 24, 2011	1,268.45
Jun 23, 2011	1,283.50
Jun 22, 2011	1,287.14
Jun 21, 2011	1,295.52
Jun 20, 2011	1,278.36
Jun 17, 2011	1,271.50
Jun 16, 2011	1,267.64
Jun 15, 2011	1,265.42
Jun 14, 2011	1,287.87
Jun 13, 2011	1,271.83
Jun 10, 2011	1,270.98
Jun 9, 2011		1,289.00	
Jun 8, 2011		1,279.56	
Jun 7, 2011		1,284.94	
Jun 6, 2011		1,286.17	
Jun 3, 2011		1,300.16	
Jun 2, 2011		1,312.94	
Jun 1, 2011		1,314.55	
May 31, 2011	1,345.20	
May 27, 2011	1,331.10	
May 26, 2011	1,325.69	
May 25, 2011	1,320.47	
May 24, 2011	1,316.28	
May 23, 2011	1,317.37	
May 20, 2011	1,333.27	
May 19, 2011	1,343.60	
May 18, 2011	1,340.68	
May 17, 2011	1,328.98	
May 16, 2011	1,329.47	
May 13, 2011	1,337.77	
May 12, 2011	1,348.65	
May 11, 2011	1,342.08	
May 10, 2011	1,357.16	
May 9, 2011		1,346.29	
May 6, 2011		1,340.20	
May 5, 2011		1,335.10	
May 4, 2011		1,347.32	
May 3, 2011		1,356.62	
May 2, 2011		1,361.22	
Apr 29, 2011	1,363.61	
Apr 28, 2011	1,360.48	
Apr 27, 2011	1,355.66	
Apr 26, 2011	1,347.24	
Apr 25, 2011	1,335.25	
Apr 21, 2011	1,337.38	
Apr 20, 2011	1,330.36	
Apr 19, 2011	1,312.62	
Apr 18, 2011	1,305.14	
Apr 15, 2011	1,319.68	
Apr 14, 2011	1,314.52	
Apr 13, 2011	1,314.41	
Apr 12, 2011	1,314.16	
Apr 11, 2011	1,324.46	
Apr 8, 2011		1,328.17	
Apr 7, 2011		1,333.51	
Apr 6, 2011		1,335.54	
Apr 5, 2011		1,332.63	
Apr 4, 2011		1,332.87	
Apr 1, 2011		1,332.41	
Mar 31, 2011	1,325.83	
Mar 30, 2011	1,328.26	
Mar 29, 2011	1,319.44	
Mar 28, 2011	1,310.19	
Mar 25, 2011	1,313.80	
Mar 24, 2011	1,309.66	
Mar 23, 2011	1,297.54	
Mar 22, 2011	1,293.77	
Mar 21, 2011	1,298.38	
Mar 18, 2011	1,279.21	
Mar 17, 2011	1,273.72	
Mar 16, 2011	1,256.88	
Mar 15, 2011	1,281.87	
Mar 14, 2011	1,296.39	
Mar 11, 2011	1,304.28	
Mar 10, 2011	1,295.11	
Mar 9, 2011		1,320.02	
Mar 8, 2011		1,321.82	
Mar 7, 2011		1,310.13	
Mar 4, 2011		1,321.15	
Mar 3, 2011		1,330.97	
Mar 2, 2011		1,308.44	
Mar 1, 2011		1,306.33	
Feb 28, 2011	1,327.22	
Feb 25, 2011	1,319.88	
Feb 24, 2011	1,306.10	
Feb 23, 2011	1,307.40	
Feb 22, 2011	1,315.44	
Feb 18, 2011	1,343.01	
Feb 17, 2011	1,340.43	
Feb 16, 2011	1,336.32	
Feb 15, 2011	1,328.01	
Feb 14, 2011	1,332.32	
Feb 11, 2011	1,329.15	
Feb 10, 2011	1,321.87	
Feb 9, 2011		1,320.88	
Feb 8, 2011		1,324.57	
Feb 7, 2011		1,319.05	
Feb 4, 2011		1,310.87	
Feb 3, 2011		1,307.10	
Feb 2, 2011		1,304.03	
Feb 1, 2011		1,307.59	
Jan 31, 2011	1,286.12	
Jan 28, 2011	1,276.34	
Jan 27, 2011	1,299.54	
Jan 26, 2011	1,296.63	
Jan 25, 2011	1,291.18	
Jan 24, 2011	1,290.84	
Jan 21, 2011	1,283.35	
Jan 20, 2011	1,280.26	
Jan 19, 2011	1,281.92	
Jan 18, 2011	1,295.02	
Jan 14, 2011	1,293.24	
Jan 13, 2011	1,283.76	
Jan 12, 2011	1,285.96	
Jan 11, 2011	1,274.48	
Jan 10, 2011	1,269.75	
Jan 7, 2011		1,271.50	
Jan 6, 2011		1,273.85	
Jan 5, 2011		1,276.56	
Jan 4, 2011		1,270.20	
Jan 3, 2011		1,271.87	
Dec 31, 2010	1,257.64	
Dec 30, 2010	1,257.88	
Dec 29, 2010	1,259.78	
Dec 28, 2010	1,258.51	
Dec 27, 2010	1,257.54	
Dec 23, 2010	1,256.77	
Dec 22, 2010	1,258.84	
Dec 21, 2010	1,254.60	
Dec 20, 2010	1,247.08	
Dec 17, 2010	1,243.91	
Dec 16, 2010	1,242.87	
Dec 15, 2010	1,235.23	
Dec 14, 2010	1,241.59	
Dec 13, 2010	1,240.46	
Dec 10, 2010	1,240.40	
Dec 9, 2010		1,233.00	
Dec 8, 2010		1,228.28	
Dec 7, 2010		1,223.75	
Dec 6, 2010		1,223.12	
Dec 3, 2010		1,224.71	
Dec 2, 2010		1,221.53	
Dec 1, 2010		1,206.07	
Nov 30, 2010	1,180.55	
Nov 29, 2010	1,187.76	
Nov 26, 2010	1,189.40	
Nov 24, 2010	1,198.35	
Nov 23, 2010	1,180.73	
Nov 22, 2010	1,197.84	
Nov 19, 2010	1,199.73	
Nov 18, 2010	1,196.69	
Nov 17, 2010	1,178.59	
Nov 16, 2010	1,178.34	
Nov 15, 2010	1,197.75	
Nov 12, 2010	1,199.21	
Nov 11, 2010	1,213.54	
Nov 10, 2010	1,218.71	
Nov 9, 2010		1,213.40	
Nov 8, 2010		1,223.25	
Nov 5, 2010		1,225.85	
Nov 4, 2010		1,221.06	
Nov 3, 2010		1,197.96	
Nov 2, 2010		1,193.57	
Nov 1, 2010		1,184.38	
Oct 29, 2010	1,183.26	
Oct 28, 2010	1,183.78	
Oct 27, 2010	1,182.45	
Oct 26, 2010	1,185.64	
Oct 25, 2010	1,185.62	
Oct 22, 2010	1,183.08	
Oct 21, 2010	1,180.26	
Oct 20, 2010	1,178.17	
Oct 19, 2010	1,165.90	
Oct 18, 2010	1,184.71	
Oct 15, 2010	1,176.19	
Oct 14, 2010	1,173.81	
Oct 13, 2010	1,178.10	
Oct 12, 2010	1,169.77	
Oct 11, 2010	1,165.32	
Oct 8, 2010		1,165.15	
Oct 7, 2010		1,158.06	
Oct 6, 2010		1,159.97	
Oct 5, 2010		1,160.75	
Oct 4, 2010		1,137.03	
Oct 1, 2010		1,146.24	
Sep 30, 2010	1,141.20	
Sep 29, 2010	1,144.73	
Sep 28, 2010	1,147.70	
Sep 27, 2010	1,142.16	
Sep 24, 2010	1,148.67	
Sep 23, 2010	1,124.83	
Sep 22, 2010	1,134.28	
Sep 21, 2010	1,139.78	
Sep 20, 2010	1,142.71	
Sep 17, 2010	1,125.59	
Sep 16, 2010	1,124.66	
Sep 15, 2010	1,125.07	
Sep 14, 2010	1,121.10	
Sep 13, 2010	1,121.90	
Sep 10, 2010	1,109.55	
Sep 9, 2010		1,104.18	
Sep 8, 2010		1,098.87	
Sep 7, 2010		1,091.84	
Sep 3, 2010		1,104.51	
Sep 2, 2010		1,090.10	
Sep 1, 2010		1,080.29	
Aug 31, 2010	1,049.33	
Aug 30, 2010	1,048.92	
Aug 27, 2010	1,064.59	
Aug 26, 2010	1,047.22	
Aug 25, 2010	1,055.33	
Aug 24, 2010	1,051.87	
Aug 23, 2010	1,067.36	
Aug 20, 2010	1,071.69	
Aug 19, 2010	1,075.63	
Aug 18, 2010	1,094.16	
Aug 17, 2010	1,092.54	
Aug 16, 2010	1,079.38	
Aug 13, 2010	1,079.25	
Aug 12, 2010	1,083.61	
Aug 11, 2010	1,089.47	
Aug 10, 2010	1,121.06	
Aug 9, 2010		1,127.79	
Aug 6, 2010		1,121.64	
Aug 5, 2010		1,125.81	
Aug 4, 2010		1,127.24	
Aug 3, 2010		1,120.46	
Aug 2, 2010		1,125.86	
Jul 30, 2010	1,101.60	
Jul 29, 2010	1,101.53	
Jul 28, 2010	1,106.13	
Jul 27, 2010	1,113.84	
Jul 26, 2010	1,115.01	
Jul 23, 2010	1,102.66	
Jul 22, 2010	1,093.67	
Jul 21, 2010	1,069.59	
Jul 20, 2010	1,083.48	
Jul 19, 2010	1,071.25	
Jul 16, 2010	1,064.88	
Jul 15, 2010	1,096.48	
Jul 14, 2010	1,095.17	
Jul 13, 2010	1,095.34	
Jul 12, 2010	1,078.75	
Jul 9, 2010		1,077.96	
Jul 8, 2010		1,070.25	
Jul 7, 2010		1,060.27	
Jul 6, 2010		1,028.06	
Jul 2, 2010		1,022.58	
Jul 1, 2010		1,027.37	
Jun 30, 2010	1,030.71	
Jun 29, 2010	1,041.24	
Jun 28, 2010	1,074.57	
Jun 25, 2010	1,076.76	
Jun 24, 2010	1,073.69	
Jun 23, 2010	1,092.04	
Jun 22, 2010	1,095.31	
Jun 21, 2010	1,113.20	
Jun 18, 2010	1,117.51	
Jun 17, 2010	1,116.04	
Jun 16, 2010	1,114.61	
Jun 15, 2010	1,115.23	
Jun 14, 2010	1,089.63	
Jun 11, 2010	1,091.60	
Jun 10, 2010	1,086.84	
Jun 9, 2010		1,055.69	
Jun 8, 2010		1,062.00	
Jun 7, 2010		1,050.47	
Jun 4, 2010		1,064.88	
Jun 3, 2010		1,102.83	
Jun 2, 2010		1,098.38	
Jun 1, 2010		1,070.71	
May 28, 2010	1,089.41	
May 27, 2010	1,103.06	
May 26, 2010	1,067.95	
May 25, 2010	1,074.03	
May 24, 2010	1,073.65	
May 21, 2010	1,087.69	
May 20, 2010	1,071.59	
May 19, 2010	1,115.05	
May 18, 2010	1,120.80	
May 17, 2010	1,136.94	
May 14, 2010	1,135.68	
May 13, 2010	1,157.44	
May 12, 2010	1,171.67	
May 11, 2010	1,155.79	
May 10, 2010	1,159.73	
May 7, 2010		1,110.88	
May 6, 2010		1,128.15	
May 5, 2010		1,165.87	
May 4, 2010		1,173.60	
May 3, 2010		1,202.26	
Apr 30, 2010	1,186.69	
Apr 29, 2010	1,206.78	
Apr 28, 2010	1,191.36	
Apr 27, 2010	1,183.71	
Apr 26, 2010	1,212.05	
Apr 23, 2010	1,217.28	
Apr 22, 2010	1,208.67	
Apr 21, 2010	1,205.94	
Apr 20, 2010	1,207.17			
Apr 19, 2010	1,197.52	
Apr 16, 2010	1,192.13	
Apr 15, 2010	1,211.67	
Apr 14, 2010	1,210.65	
Apr 13, 2010	1,197.30	
Apr 12, 2010	1,196.48	
Apr 9, 2010		1,194.37	
Apr 8, 2010		1,186.44	
Apr 7, 2010		1,182.45	
Apr 6, 2010		1,189.44	
Apr 5, 2010		1,187.44	
Apr 1, 2010		1,178.10	
Mar 31, 2010	1,169.43	
Mar 30, 2010	1,173.27	
Mar 29, 2010	1,173.22	
Mar 26, 2010	1,166.59	
Mar 25, 2010	1,165.73	
Mar 24, 2010	1,167.72	
Mar 23, 2010	1,174.17	
Mar 22, 2010	1,165.81	
Mar 19, 2010	1,159.90	
Mar 18, 2010	1,165.83	
Mar 17, 2010	1,166.21	
Mar 16, 2010	1,159.46	
Mar 15, 2010	1,150.51	
Mar 12, 2010	1,149.99	
Mar 11, 2010	1,150.24	
Mar 10, 2010	1,145.61	
Mar 9, 2010		1,140.45	
Mar 8, 2010		1,138.50	
Mar 5, 2010		1,138.70	
Mar 4, 2010		1,122.97	
Mar 3, 2010		1,118.79	
Mar 2, 2010		1,118.31	
Mar 1, 2010		1,115.71	
Feb 26, 2010	1,104.49	
Feb 25, 2010	1,102.94	
Feb 24, 2010	1,105.24	
Feb 23, 2010	1,094.60	
Feb 22, 2010	1,108.01	
Feb 19, 2010	1,109.17	
Feb 18, 2010	1,106.75	
Feb 17, 2010	1,099.51	
Feb 16, 2010	1,094.87	
Feb 12, 2010	1,075.51	
Feb 11, 2010	1,078.47	
Feb 10, 2010	1,068.13	
Feb 9, 2010		1,070.52	
Feb 8, 2010		1,056.74	
Feb 5, 2010		1,066.19	
Feb 4, 2010		1,063.11	
Feb 3, 2010		1,097.28	
Feb 2, 2010		1,103.32	
Feb 1, 2010		1,089.19	
Jan 29, 2010	1,073.87	
Jan 28, 2010	1,084.53	
Jan 27, 2010	1,097.50	
Jan 26, 2010	1,092.17	
Jan 25, 2010	1,096.78	
Jan 22, 2010	1,091.76	
Jan 21, 2010	1,116.48	
Jan 20, 2010	1,138.04	
Jan 19, 2010	1,150.23	
Jan 15, 2010	1,136.03	
Jan 14, 2010	1,148.46	
Jan 13, 2010	1,145.68	
Jan 12, 2010	1,136.22	
Jan 11, 2010	1,146.98	
Jan 8, 2010		1,144.98	
Jan 7, 2010		1,141.69	
Jan 6, 2010		1,137.14	
Jan 5, 2010		1,136.52	
Jan 4, 2010		1,132.99	
Dec 31, 2009	1,115.10	
Dec 30, 2009	1,126.42	
Dec 29, 2009	1,126.20	
Dec 28, 2009	1,127.78	
Dec 24, 2009	1,126.48	
Dec 23, 2009	1,120.59	
Dec 22, 2009	1,118.02	
Dec 21, 2009	1,114.05	
Dec 18, 2009	1,102.47	
Dec 17, 2009	1,096.08	
Dec 16, 2009	1,109.18	
Dec 15, 2009	1,107.93	
Dec 14, 2009	1,114.11	
Dec 11, 2009	1,106.41	
Dec 10, 2009	1,102.35	
Dec 9, 2009		1,095.95	
Dec 8, 2009		1,091.94	
Dec 7, 2009		1,103.25	
Dec 4, 2009		1,105.98	
Dec 3, 2009		1,099.92	
Dec 2, 2009		1,109.24	
Dec 1, 2009		1,108.86	
Nov 30, 2009	1,095.63	
Nov 27, 2009	1,091.49	
Nov 25, 2009	1,110.63	
Nov 24, 2009	1,105.65	
Nov 23, 2009	1,106.24	
Nov 20, 2009	1,091.38	
Nov 19, 2009	1,094.90	
Nov 18, 2009	1,109.80	
Nov 17, 2009	1,110.32	
Nov 16, 2009	1,109.30	
Nov 13, 2009	1,093.48	
Nov 12, 2009	1,087.24	
Nov 11, 2009	1,098.51	
Nov 10, 2009	1,093.01	
Nov 9, 2009		1,093.08	
Nov 6, 2009		1,069.30	
Nov 5, 2009		1,066.63	
Nov 4, 2009		1,046.50	
Nov 3, 2009		1,045.41	
Nov 2, 2009		1,042.88	
Oct 30, 2009	1,036.19	
Oct 29, 2009	1,066.11	
Oct 28, 2009	1,042.63	
Oct 27, 2009	1,063.41	
Oct 26, 2009	1,066.95	
Oct 23, 2009	1,079.60	
Oct 22, 2009	1,092.91	
Oct 21, 2009	1,081.40	
Oct 20, 2009	1,091.06	
Oct 19, 2009	1,097.91	
Oct 16, 2009	1,087.68	
Oct 15, 2009	1,096.56	
Oct 14, 2009	1,092.02	
Oct 13, 2009	1,073.19	
Oct 12, 2009	1,076.19	
Oct 9, 2009		1,071.49	
Oct 8, 2009		1,065.48	
Oct 7, 2009		1,057.58	
Oct 6, 2009		1,054.72	
Oct 5, 2009		1,040.46	
Oct 2, 2009		1,025.21	
Oct 1, 2009		1,029.85	
Sep 30, 2009	1,057.08	
Sep 29, 2009	1,060.61	
Sep 28, 2009	1,062.98	
Sep 25, 2009	1,044.38	
Sep 24, 2009	1,050.78	
Sep 23, 2009	1,060.87	
Sep 22, 2009	1,071.66	
Sep 21, 2009	1,064.66	
Sep 18, 2009	1,068.30	
Sep 17, 2009	1,065.49	
Sep 16, 2009	1,068.76	
Sep 15, 2009	1,052.63	
Sep 14, 2009	1,049.34	
Sep 11, 2009	1,042.73	
Sep 10, 2009	1,044.14	
Sep 9, 2009		1,033.37	
Sep 8, 2009		1,025.39	
Sep 4, 2009		1,016.40	
Sep 3, 2009		1,003.24
Sep 2, 2009		994.75	
Sep 1, 2009		998.04	
Aug 31, 2009	1,020.62	
Aug 28, 2009	1,028.93	
Aug 27, 2009	1,030.98	
Aug 26, 2009	1,028.12	
Aug 25, 2009	1,028.00	
Aug 24, 2009	1,025.57	
Aug 21, 2009	1,026.13	
Aug 20, 2009	1,007.37
Aug 19, 2009	996.46	
Aug 18, 2009	989.67	
Aug 17, 2009	979.73	
Aug 14, 2009	1,004.09	
Aug 13, 2009	1,012.73	
Aug 12, 2009	1,005.81	
Aug 11, 2009	994.35	
Aug 10, 2009	1,007.10	
Aug 7, 2009	    1,010.40
Aug 6, 2009	    997.08	
Aug 5, 2009	    1,002.72
Aug 4, 2009	    1,005.65
Aug 3, 2009	    1,002.63	
Jul 31, 2009	987.48	
Jul 30, 2009	986.75	
Jul 29, 2009	975.15	
Jul 28, 2009	979.62	
Jul 27, 2009	982.18	
Jul 24, 2009	979.26	
Jul 23, 2009	976.29	
Jul 22, 2009	954.07	
Jul 21, 2009	954.58	
Jul 20, 2009	951.13	
Jul 17, 2009	940.38	
Jul 16, 2009	940.74	
Jul 15, 2009	932.68	
Jul 14, 2009	905.84	
Jul 13, 2009	901.05	
Jul 10, 2009	879.13	
Jul 9, 2009	    882.68	
Jul 8, 2009	    879.56	
Jul 7, 2009	    881.03	
Jul 6, 2009	    898.72	
Jul 2, 2009	    896.42	
Jul 1, 2009	    923.33	
Jun 30, 2009	919.32	
Jun 29, 2009	927.23	
Jun 26, 2009	918.90	
Jun 25, 2009	920.26	
Jun 24, 2009	900.94	
Jun 23, 2009	895.10	
Jun 22, 2009	893.04	
Jun 19, 2009	921.23	
Jun 18, 2009	918.37	
Jun 17, 2009	910.71	
Jun 16, 2009	911.97	
Jun 15, 2009	923.72	
Jun 12, 2009	946.21	
Jun 11, 2009	944.89	
Jun 10, 2009	939.15	
Jun 9, 2009	    942.43	
Jun 8, 2009	    939.14	
Jun 5, 2009	    940.09	
Jun 4, 2009	    942.46	
Jun 3, 2009	    931.76	
Jun 2, 2009	    944.74	
Jun 1, 2009	    942.87	
May 29, 2009	919.14	
May 28, 2009	906.83	
May 27, 2009	893.06	
May 26, 2009	910.33	
May 22, 2009	887.00	
May 21, 2009	888.33	
May 20, 2009	903.47	
May 19, 2009	908.13	
May 18, 2009	909.71	
May 15, 2009	882.88	
May 14, 2009	893.07	
May 13, 2009	883.92	
May 12, 2009	908.35	
May 11, 2009	909.24	
May 8, 2009	    929.23	
May 7, 2009	    907.39	
May 6, 2009	    919.53	
May 5, 2009	    903.80	
May 4, 2009	    907.24	
May 1, 2009	    877.52	
Apr 30, 2009	872.81	
Apr 29, 2009	873.64	
Apr 28, 2009	855.16	
Apr 27, 2009	857.51	
Apr 24, 2009	866.23	
Apr 23, 2009	851.92	
Apr 22, 2009	843.55	
Apr 21, 2009	850.08	
Apr 20, 2009	832.39	
Apr 17, 2009	869.60	
Apr 16, 2009	865.30	
Apr 15, 2009	852.06	
Apr 14, 2009	841.50	
Apr 13, 2009	858.73	
Apr 9, 2009	    856.56	
Apr 8, 2009	    825.16	
Apr 7, 2009	    815.55	
Apr 6, 2009	    835.48	
Apr 3, 2009	    842.50	
Apr 2, 2009	    834.38	
Apr 1, 2009	    811.08	
Mar 31, 2009	797.87	
Mar 30, 2009	787.53	
Mar 27, 2009	815.94	
Mar 26, 2009	832.86	
Mar 25, 2009	813.88	
Mar 24, 2009	806.12	
Mar 23, 2009	822.92	
Mar 20, 2009	768.54	
Mar 19, 2009	784.04	
Mar 18, 2009	794.35	
Mar 17, 2009	778.12	
Mar 16, 2009	753.89	
Mar 13, 2009	756.55	
Mar 12, 2009	750.74	
Mar 11, 2009	721.36	
Mar 10, 2009	719.60	
Mar 9, 2009	    676.53	
Mar 6, 2009	    683.38	
Mar 5, 2009	    682.55	
Mar 4, 2009	    712.87	
Mar 3, 2009	    696.33	
Mar 2, 2009	    700.82	
Feb 27, 2009	735.09	
Feb 26, 2009	752.83	
Feb 25, 2009	764.90	
Feb 24, 2009	773.14	
Feb 23, 2009	743.33	
Feb 20, 2009	770.05	
Feb 19, 2009	778.94	
Feb 18, 2009	788.42	
Feb 17, 2009	789.17	
Feb 13, 2009	826.84	
Feb 12, 2009	835.19	
Feb 11, 2009	833.74	
Feb 10, 2009	827.16	
Feb 9, 2009	    869.89	
Feb 6, 2009	    868.60	
Feb 5, 2009	    845.85	
Feb 4, 2009	    832.23	
Feb 3, 2009	    838.51	
Feb 2, 2009	    825.44	
Jan 30, 2009	825.88	
Jan 29, 2009	845.14	
Jan 28, 2009	874.09	
Jan 27, 2009	845.71	
Jan 26, 2009	836.57	
Jan 23, 2009	831.95	
Jan 22, 2009	827.50	
Jan 21, 2009	840.24	
Jan 20, 2009	805.22	
Jan 16, 2009	850.12	
Jan 15, 2009	843.74	
Jan 14, 2009	842.62	
Jan 13, 2009	871.79	
Jan 12, 2009	870.26	
Jan 9, 2009	    890.35	
Jan 8, 2009	    909.73	
Jan 7, 2009	    906.65	
Jan 6, 2009	    934.70	
Jan 5, 2009	    927.45	
Jan 2, 2009	    931.80	
Dec 31, 2008	903.25	
Dec 30, 2008	890.64	
Dec 29, 2008	869.42	
Dec 26, 2008	872.80	
Dec 24, 2008	868.15	
Dec 23, 2008	863.16	
Dec 22, 2008	871.63	
Dec 19, 2008	887.88	
Dec 18, 2008	885.28	
Dec 17, 2008	904.42	
Dec 16, 2008	913.18	
Dec 15, 2008	868.57	
Dec 12, 2008	879.73	
Dec 11, 2008	873.59	
Dec 10, 2008	899.24	
Dec 9, 2008	    888.67	
Dec 8, 2008	    909.70	
Dec 5, 2008	    876.07	
Dec 4, 2008	    845.22	
Dec 3, 2008	    870.74	
Dec 2, 2008	    848.81	
Dec 1, 2008	    816.21	
Nov 28, 2008	896.24	
Nov 26, 2008	887.68	
Nov 25, 2008	857.39	
Nov 24, 2008	851.81	
Nov 21, 2008	800.03	
Nov 20, 2008	752.44	
Nov 19, 2008	806.58	
Nov 18, 2008	859.12	
Nov 17, 2008	850.75	
Nov 14, 2008	873.29	
Nov 13, 2008	911.29	
Nov 12, 2008	852.30	
Nov 11, 2008	898.95	
Nov 10, 2008	919.21	
Nov 7, 2008	    930.99	
Nov 6, 2008	    904.88	
Nov 5, 2008	    952.77	
Nov 4, 2008	    1,005.75
Nov 3, 2008	    966.30	
Oct 31, 2008	968.75	
Oct 30, 2008	954.09	
Oct 29, 2008	930.09	
Oct 28, 2008	940.51	
Oct 27, 2008	848.92	
Oct 24, 2008	876.77	
Oct 23, 2008	908.11	
Oct 22, 2008	896.78	
Oct 21, 2008	955.05	
Oct 20, 2008	985.40	
Oct 17, 2008	940.55	
Oct 16, 2008	946.43	
Oct 15, 2008	907.84	
Oct 14, 2008	998.01	
Oct 13, 2008	1,003.35	
Oct 10, 2008	899.22	
Oct 9, 2008	    909.92	
Oct 8, 2008     984.94	
Oct 7, 2008	    996.23	
Oct 6, 2008	    1,056.89
Oct 3, 2008	    1,099.23
Oct 2, 2008	    1,114.28
Oct 1, 2008	    1,161.06
Sep 30, 2008	1,166.36	
Sep 29, 2008	1,106.42	
Sep 26, 2008	1,213.27	
Sep 25, 2008	1,209.18	
Sep 24, 2008	1,185.87	
Sep 23, 2008	1,188.22	
Sep 22, 2008	1,207.09	
Sep 19, 2008	1,255.08	
Sep 18, 2008	1,206.51	
Sep 17, 2008	1,156.39	
Sep 16, 2008	1,213.60	
Sep 15, 2008	1,192.70	
Sep 12, 2008	1,251.70	
Sep 11, 2008	1,249.05	
Sep 10, 2008	1,232.04	
Sep 9, 2008	   	1,224.51	
Sep 8, 2008	   	1,267.79	
Sep 5, 2008	   	1,242.31	
Sep 4, 2008	   	1,236.83	
Sep 3, 2008	   	1,274.98	
Sep 2, 2008	   	1,277.58	
Aug 29, 2008	1,282.83	
Aug 28, 2008	1,300.68	
Aug 27, 2008	1,281.66	
Aug 26, 2008	1,271.51	
Aug 25, 2008	1,266.84	
Aug 22, 2008	1,292.20	
Aug 21, 2008	1,277.72	
Aug 20, 2008	1,274.54	
Aug 19, 2008	1,266.69	
Aug 18, 2008	1,278.60	
Aug 15, 2008	1,298.20	
Aug 14, 2008	1,292.93	
Aug 13, 2008	1,285.83	
Aug 12, 2008	1,289.59	
Aug 11, 2008	1,305.32	
Aug 8, 2008	    1,296.32	
Aug 7, 2008	    1,266.07	
Aug 6, 2008	    1,289.19	
Aug 5, 2008	    1,284.88	
Aug 4, 2008	    1,249.01	
Aug 1, 2008	    1,260.31	
Jul 31, 2008	1,267.38	
Jul 30, 2008	1,284.26	
Jul 29, 2008	1,263.20	
Jul 28, 2008	1,234.37	
Jul 25, 2008	1,257.76	
Jul 24, 2008	1,252.54	
Jul 23, 2008	1,282.19	
Jul 22, 2008	1,277.00	
Jul 21, 2008	1,260.00	
Jul 18, 2008	1,260.68	
Jul 17, 2008	1,260.32	
Jul 16, 2008	1,245.36	
Jul 15, 2008	1,214.91	
Jul 14, 2008	1,228.30	
Jul 11, 2008	1,239.49	
Jul 10, 2008	1,253.39	
Jul 9, 2008	    1,244.69	
Jul 8, 2008	    1,273.70	
Jul 7, 2008	    1,252.31	
Jul 3, 2008	    1,262.90	
Jul 2, 2008	    1,261.52	
Jul 1, 2008	    1,284.91	
Jun 30, 2008	1,280.00	
Jun 27, 2008	1,278.38	
Jun 26, 2008	1,283.15	
Jun 25, 2008	1,321.97	
Jun 24, 2008	1,314.29	
Jun 23, 2008	1,318.00	
Jun 20, 2008	1,317.93	
Jun 19, 2008	1,342.83	
Jun 18, 2008	1,337.81	
Jun 17, 2008	1,350.93	
Jun 16, 2008	1,360.14	
Jun 13, 2008	1,360.03	
Jun 12, 2008	1,339.87	
Jun 11, 2008	1,335.49	
Jun 10, 2008	1,358.44	
Jun 9, 2008	    1,361.76	
Jun 6, 2008	    1,360.68	
Jun 5, 2008	    1,404.05	
Jun 4, 2008	    1,377.20	
Jun 3, 2008	    1,377.65	
Jun 2, 2008	    1,385.67	
May 30, 2008	1,400.38	
May 29, 2008	1,398.26	
May 28, 2008	1,390.84	
May 27, 2008	1,385.35	
May 23, 2008	1,375.93	
May 22, 2008	1,394.35	
May 21, 2008	1,390.71	
May 20, 2008	1,413.40	
May 19, 2008	1,426.63	
May 16, 2008	1,425.35	
May 15, 2008	1,423.57	
May 14, 2008	1,408.66	
May 13, 2008	1,403.04	
May 12, 2008	1,403.58	
May 9, 2008	    1,388.28	
May 8, 2008	    1,397.68	
May 7, 2008	    1,392.57	
May 6, 2008	    1,418.26	
May 5, 2008	    1,407.49	
May 2, 2008	    1,413.90	
May 1, 2008	    1,409.34	
Apr 30, 2008	1,385.59	
Apr 29, 2008	1,390.94	
Apr 28, 2008	1,396.37	
Apr 25, 2008	1,397.84	
Apr 24, 2008	1,388.82	
Apr 23, 2008	1,379.93	
Apr 22, 2008	1,375.94	
Apr 21, 2008	1,388.17	
Apr 18, 2008	1,390.33	
Apr 17, 2008	1,365.56	
Apr 16, 2008	1,364.71	
Apr 15, 2008	1,334.43	
Apr 14, 2008	1,328.32	
Apr 11, 2008	1,332.83	
Apr 10, 2008	1,360.55	
Apr 9, 2008	    1,354.49	
Apr 8, 2008	    1,365.54	
Apr 7, 2008	    1,372.54	
Apr 4, 2008	    1,370.40	
Apr 3, 2008	    1,369.31	
Apr 2, 2008	    1,367.53	
Apr 1, 2008	    1,370.18	
Mar 31, 2008	1,322.70	
Mar 28, 2008	1,315.22	
Mar 27, 2008	1,325.76	
Mar 26, 2008	1,341.13	
Mar 25, 2008	1,352.99	
Mar 24, 2008	1,349.88	
Mar 20, 2008	1,329.51	
Mar 19, 2008	1,298.42	
Mar 18, 2008	1,330.74	
Mar 17, 2008	1,276.60	
Mar 14, 2008	1,288.14	
Mar 13, 2008	1,315.48	
Mar 12, 2008	1,308.77	
Mar 11, 2008	1,320.65	
Mar 10, 2008	1,273.37	
Mar 7, 2008	    1,293.37	4,565,410,000
Mar 6, 2008	    1,304.34	4,323,460,000
Mar 5, 2008	    1,333.70	4,277,710,000
Mar 4, 2008	    1,326.75	4,757,180,000
Mar 3, 2008	    1,331.34	4,117,570,000
Feb 29, 2008	1,330.63	
Feb 28, 2008	1,367.68	
Feb 27, 2008	1,380.02	
Feb 26, 2008	1,381.29	
Feb 25, 2008	1,371.80	
Feb 22, 2008	1,353.11	
Feb 21, 2008	1,342.53	
Feb 20, 2008	1,360.03	
Feb 19, 2008	1,348.78	
Feb 15, 2008	1,349.99	
Feb 14, 2008	1,348.86	
Feb 13, 2008	1,367.21	
Feb 12, 2008	1,348.86	
Feb 11, 2008	1,339.13	
Feb 8, 2008	    1,331.29	
Feb 7, 2008	    1,336.91	
Feb 6, 2008	    1,326.45	
Feb 5, 2008	    1,336.64	
Feb 4, 2008	    1,380.82	
Feb 1, 2008	    1,395.42	
Jan 31, 2008	1,378.55	
Jan 30, 2008	1,355.81	
Jan 29, 2008	1,362.30	
Jan 28, 2008	1,353.96	
Jan 25, 2008	1,330.61	
Jan 24, 2008	1,352.07	
Jan 23, 2008	1,338.60	
Jan 22, 2008	1,310.50	
Jan 18, 2008	1,325.19	
Jan 17, 2008	1,333.25	
Jan 16, 2008	1,373.20	
Jan 15, 2008	1,380.95	
Jan 14, 2008	1,416.25	
Jan 11, 2008	1,401.02	
Jan 10, 2008	1,420.33	
Jan 9, 2008	    1,409.13	
Jan 8, 2008	    1,390.19	
Jan 7, 2008	    1,416.18	
Jan 4, 2008	    1,411.63	
Jan 3, 2008	    1,447.16	
Jan 2, 2008	    1,447.16	
Dec 31, 2007	1,468.36	
Dec 28, 2007	1,478.49	
Dec 27, 2007	1,476.27	
Dec 26, 2007	1,497.66	
Dec 24, 2007	1,496.45	
Dec 21, 2007	1,484.46	
Dec 20, 2007	1,460.12	
Dec 19, 2007	1,453.00	
Dec 18, 2007	1,454.98	
Dec 17, 2007	1,445.90	
Dec 14, 2007	1,467.95	
Dec 13, 2007	1,488.41	
Dec 12, 2007	1,486.59	
Dec 11, 2007	1,477.65	
Dec 10, 2007	1,515.96	
Dec 7, 2007	    1,504.66	
Dec 6, 2007	    1,507.34	
Dec 5, 2007	    1,485.01	
Dec 4, 2007	    1,462.79	
Dec 3, 2007	    1,472.42	
Nov 30, 2007	1,481.14	
Nov 29, 2007	1,469.72	
Nov 28, 2007	1,469.02	
Nov 27, 2007	1,428.23	
Nov 26, 2007	1,407.22	
Nov 23, 2007	1,440.70	
Nov 21, 2007	1,416.77	
Nov 20, 2007	1,439.70	
Nov 19, 2007	1,433.27	
Nov 16, 2007	1,458.74	
Nov 15, 2007	1,451.15	
Nov 14, 2007	1,470.58	
Nov 13, 2007	1,481.05	
Nov 12, 2007	1,439.18	
Nov 9, 2007	    1,453.70	
Nov 8, 2007	    1,474.77	
Nov 7, 2007	    1,475.62	
Nov 6, 2007	    1,520.27	
Nov 5, 2007	    1,502.17	
Nov 2, 2007	    1,509.65	
Nov 1, 2007	    1,508.44	
Oct 31, 2007	1,549.38	
Oct 30, 2007	1,531.02	
Oct 29, 2007	1,540.98	
Oct 26, 2007	1,535.28	
Oct 25, 2007	1,514.40	
Oct 24, 2007	1,515.88	
Oct 23, 2007	1,519.59	
Oct 22, 2007	1,506.33	
Oct 19, 2007	1,500.63	
Oct 18, 2007	1,540.08	
Oct 17, 2007	1,541.24	
Oct 16, 2007	1,538.53	
Oct 15, 2007	1,548.71	
Oct 12, 2007	1,561.80	
Oct 11, 2007	1,554.41	
Oct 10, 2007	1,562.47	
Oct 9, 2007	    1,565.15	
Oct 8, 2007	    1,552.58	
Oct 5, 2007	    1,557.59	
Oct 4, 2007	    1,542.84	
Oct 3, 2007	    1,539.59	
Oct 2, 2007	    1,546.63	
Oct 1, 2007	    1,547.04	
Sep 28, 2007	1,526.75	
Sep 27, 2007	1,531.38	
Sep 26, 2007	1,525.42	
Sep 25, 2007	1,517.21	
Sep 24, 2007	1,517.73	
Sep 21, 2007	1,525.75	
Sep 20, 2007	1,518.75	
Sep 19, 2007	1,529.03	
Sep 18, 2007	1,519.78	
Sep 17, 2007	1,476.65	
Sep 14, 2007	1,484.25	
Sep 13, 2007	1,483.95	
Sep 12, 2007	1,471.56	
Sep 11, 2007	1,471.49	
Sep 10, 2007	1,451.70	
Sep 7, 2007	    1,453.55	
Sep 6, 2007	    1,478.55	
Sep 5, 2007	    1,472.29	
Sep 4, 2007	    1,489.42	
Aug 31, 2007	1,473.99	
Aug 30, 2007	1,457.64	
Aug 29, 2007	1,463.76	
Aug 28, 2007	1,432.36	
Aug 27, 2007	1,466.79	
Aug 24, 2007	1,479.37	
Aug 23, 2007	1,462.50	
Aug 22, 2007	1,464.07	
Aug 21, 2007	1,447.12	
Aug 20, 2007	1,445.55	
Aug 17, 2007	1,445.94	
Aug 16, 2007	1,411.27	
Aug 15, 2007	1,406.70	
Aug 14, 2007	1,426.54	
Aug 13, 2007	1,452.92	
Aug 10, 2007	1,453.64	
Aug 9, 2007	    1,453.09	
Aug 8, 2007	    1,497.49	
Aug 7, 2007	    1,476.71	
Aug 6, 2007	    1,467.67	
Aug 3, 2007	    1,433.06	
Aug 2, 2007	    1,472.20	
Aug 1, 2007	    1,465.81	
Jul 31, 2007	1,455.27	
Jul 30, 2007	1,473.91	
Jul 27, 2007	1,458.95	
Jul 26, 2007	1,482.66	
Jul 25, 2007	1,518.09	
Jul 24, 2007	1,511.04	
Jul 23, 2007	1,541.57	
Jul 20, 2007	1,534.10	
Jul 19, 2007	1,553.08	
Jul 18, 2007	1,546.17	
Jul 17, 2007	1,549.37	
Jul 16, 2007	1,549.52	
Jul 13, 2007	1,552.50	
Jul 12, 2007	1,547.70	
Jul 11, 2007	1,518.76	
Jul 10, 2007	1,510.12	
Jul 9, 2007	    1,531.85	
Jul 6, 2007	    1,530.44	
Jul 5, 2007	    1,525.40	
Jul 3, 2007	    1,524.87	
Jul 2, 2007	    1,519.43	
Jun 29, 2007	1,503.35	
Jun 28, 2007	1,505.71	
Jun 27, 2007	1,506.34	
Jun 26, 2007	1,492.89	
Jun 25, 2007	1,497.74	
Jun 22, 2007	1,502.56	
Jun 21, 2007	1,522.19	
Jun 20, 2007	1,512.84	
Jun 19, 2007	1,533.70	
Jun 18, 2007	1,531.05	
Jun 15, 2007	1,532.91	
Jun 14, 2007	1,522.97	
Jun 13, 2007	1,515.67	
Jun 12, 2007	1,493.00	
Jun 11, 2007	1,509.12	
Jun 8, 2007	    1,507.67	
Jun 7, 2007	    1,490.72	
Jun 6, 2007	    1,517.38	
Jun 5, 2007	    1,530.95	
Jun 4, 2007	    1,539.18	
Jun 1, 2007	    1,536.34	
May 31, 2007	1,530.62	
May 30, 2007	1,530.23	
May 29, 2007	1,518.11	
May 25, 2007	1,515.73	
May 24, 2007	1,507.51	
May 23, 2007	1,522.28	
May 22, 2007	1,524.12	
May 21, 2007	1,525.10	
May 18, 2007	1,522.75	
May 17, 2007	1,512.75	
May 16, 2007	1,514.14	
May 15, 2007	1,501.19	
May 14, 2007	1,503.15	
May 11, 2007	1,505.85	
May 10, 2007	1,491.47	
May 9, 2007	    1,512.58	
May 8, 2007	    1,507.72	
May 7, 2007	    1,509.48	
May 4, 2007	    1,505.62	
May 3, 2007	    1,502.39	
May 2, 2007	    1,495.92	
May 1, 2007	    1,486.30	
Apr 30, 2007	1,482.37	
Apr 27, 2007	1,494.07	
Apr 26, 2007	1,494.25	
Apr 25, 2007	1,495.42	
Apr 24, 2007	1,480.41	
Apr 23, 2007	1,480.93	
Apr 20, 2007	1,484.35	
Apr 19, 2007	1,470.73	
Apr 18, 2007	1,472.50	
Apr 17, 2007	1,471.48	
Apr 16, 2007	1,468.33	
Apr 13, 2007	1,452.85	
Apr 12, 2007	1,447.80	
Apr 11, 2007	1,438.87	
Apr 10, 2007	1,448.39	
Apr 9, 2007	    1,444.61	
Apr 5, 2007	    1,443.76	
Apr 4, 2007	    1,439.37	
Apr 3, 2007	    1,437.77	
Apr 2, 2007	    1,424.55	
Mar 30, 2007	1,420.86	
Mar 29, 2007	1,422.53	
Mar 28, 2007	1,417.23	
Mar 27, 2007	1,428.61	
Mar 26, 2007	1,437.50	
Mar 23, 2007	1,436.11	
Mar 22, 2007	1,434.54	
Mar 21, 2007	1,435.04	
Mar 20, 2007	1,410.94	
Mar 19, 2007	1,402.06	
Mar 16, 2007	1,386.95	
Mar 15, 2007	1,392.28	
Mar 14, 2007	1,387.17	
Mar 13, 2007	1,377.95	
Mar 12, 2007	1,406.60	
Mar 9, 2007	    1,402.84	
Mar 8, 2007	    1,401.89	
Mar 7, 2007	    1,391.97	
Mar 6, 2007	    1,395.41	
Mar 5, 2007	    1,374.12	
Mar 2, 2007	    1,387.17	
Mar 1, 2007	    1,403.17	
Feb 28, 2007	1,406.82	
Feb 27, 2007	1,399.04	
Feb 26, 2007	1,449.37	
Feb 23, 2007	1,451.19	
Feb 22, 2007	1,456.38	
Feb 21, 2007	1,457.63	
Feb 20, 2007	1,459.68	
Feb 16, 2007	1,455.54	
Feb 15, 2007	1,456.81	
Feb 14, 2007	1,455.30	
Feb 13, 2007	1,444.26	
Feb 12, 2007	1,433.37	
Feb 9, 2007	    1,438.06	
Feb 8, 2007	    1,448.31	
Feb 7, 2007	    1,450.02	
Feb 6, 2007	    1,448.00	
Feb 5, 2007	    1,446.99	
Feb 2, 2007	    1,448.39	
Feb 1, 2007	    1,445.94	
Jan 31, 2007	1,438.24	
Jan 30, 2007	1,428.82	
Jan 29, 2007	1,420.62	
Jan 26, 2007	1,422.18	
Jan 25, 2007	1,423.90	
Jan 24, 2007	1,440.13	
Jan 23, 2007	1,427.99	
Jan 22, 2007	1,422.95	
Jan 19, 2007	1,430.50	
Jan 18, 2007	1,426.37	
Jan 17, 2007	1,430.62	
Jan 16, 2007	1,431.90	
Jan 12, 2007	1,430.73	
Jan 11, 2007	1,423.82	
Jan 10, 2007	1,414.85	
Jan 9, 2007	    1,412.11	
Jan 8, 2007	    1,412.84	
Jan 5, 2007	    1,409.71	
Jan 4, 2007	    1,418.34	
Jan 3, 2007	    1,416.60	
Dec 29, 2006	1,418.30	
Dec 28, 2006	1,424.73	
Dec 27, 2006	1,426.84	
Dec 26, 2006	1,416.90	
Dec 22, 2006	1,410.76	
Dec 21, 2006	1,418.30	
Dec 20, 2006	1,423.53	
Dec 19, 2006	1,425.55	
Dec 18, 2006	1,422.48	
Dec 15, 2006	1,427.09	
Dec 14, 2006	1,425.49	
Dec 13, 2006	1,413.21	
Dec 12, 2006	1,411.56	
Dec 11, 2006	1,413.04	
Dec 8, 2006	    1,409.84	
Dec 7, 2006	    1,407.29	
Dec 6, 2006	    1,412.90	
Dec 5, 2006	    1,414.76	
Dec 4, 2006	    1,409.12	
Dec 1, 2006	    1,396.71	
Nov 30, 2006	1,400.63	
Nov 29, 2006	1,399.48	
Nov 28, 2006	1,386.72	
Nov 27, 2006	1,381.96	
Nov 24, 2006	1,400.95	ov 22, 2006	1,406.09	
Nov 21, 2006	1,402.81	
Nov 20, 2006	1,400.50	
Nov 17, 2006	1,401.20	
Nov 16, 2006	1,399.76	
Nov 15, 2006	1,396.57	
Nov 14, 2006	1,393.22	
Nov 13, 2006	1,384.42	
Nov 10, 2006	1,380.90	
Nov 9, 2006	    1,378.33	
Nov 8, 2006	    1,385.72	
Nov 7, 2006	    1,382.84	
Nov 6, 2006	    1,379.78	
Nov 3, 2006	    1,364.30	
Nov 2, 2006	    1,367.34	
Nov 1, 2006	    1,367.81	
Oct 31, 2006	1,377.94	
Oct 30, 2006	1,377.93	
Oct 27, 2006	1,377.34	
Oct 26, 2006	1,389.08	
Oct 25, 2006	1,382.22	
Oct 24, 2006	1,377.38	
Oct 23, 2006	1,377.02	
Oct 20, 2006	1,368.60	
Oct 19, 2006	1,366.96	
Oct 18, 2006	1,365.80	
Oct 17, 2006	1,364.05	
Oct 16, 2006	1,369.06	
Oct 13, 2006	1,365.62	
Oct 12, 2006	1,362.83	
Oct 11, 2006	1,349.95	
Oct 10, 2006	1,353.42	
Oct 9, 2006	    1,350.66	
Oct 6, 2006	    1,349.59	
Oct 5, 2006	    1,353.22	
Oct 4, 2006	    1,350.20	
Oct 3, 2006	    1,334.11	
Oct 2, 2006	    1,331.32	
Sep 29, 2006	1,335.85	
Sep 28, 2006	1,338.88	
Sep 27, 2006	1,336.59	
Sep 26, 2006	1,336.35	
Sep 25, 2006	1,326.37	
Sep 22, 2006	1,314.78	
Sep 21, 2006	1,318.03	
Sep 20, 2006	1,325.18	
Sep 19, 2006	1,317.64	
Sep 18, 2006	1,321.18	
Sep 15, 2006	1,319.66	
Sep 14, 2006	1,316.28	
Sep 13, 2006	1,318.07	
Sep 12, 2006	1,313.00	
Sep 11, 2006	1,299.54	
Sep 8, 2006	    1,298.92	
Sep 7, 2006	    1,294.02	
Sep 6, 2006	    1,300.26	
Sep 5, 2006	    1,313.25	
Sep 1, 2006	    1,311.01	
Aug 31, 2006	1,303.82	
Aug 30, 2006	1,305.37	
Aug 29, 2006	1,304.28	
Aug 28, 2006	1,301.78	
Aug 25, 2006	1,295.09	
Aug 24, 2006	1,296.06	
Aug 23, 2006	1,292.99	
Aug 22, 2006	1,298.82	
Aug 21, 2006	1,297.52	
Aug 18, 2006	1,302.30	
Aug 17, 2006	1,297.48	
Aug 16, 2006	1,295.43	
Aug 15, 2006	1,285.58	
Aug 14, 2006	1,268.21	
Aug 11, 2006	1,266.74	
Aug 10, 2006	1,271.81	
Aug 9, 2006	    1,265.95	
Aug 8, 2006	    1,271.48	
Aug 7, 2006	    1,275.77	
Aug 4, 2006	    1,279.36	
Aug 3, 2006	    1,280.27	
Aug 2, 2006	    1,277.41	
Aug 1, 2006	    1,270.92	
Jul 31, 2006	1,276.66	
Jul 28, 2006	1,278.55	
Jul 27, 2006	1,263.20	
Jul 26, 2006	1,268.40	
Jul 25, 2006	1,268.88	
Jul 24, 2006	1,260.91	
Jul 21, 2006	1,240.29	
Jul 20, 2006	1,249.13	
Jul 19, 2006	1,259.81	
Jul 18, 2006	1,236.86	
Jul 17, 2006	1,234.49	
Jul 14, 2006	1,236.20	
Jul 13, 2006	1,242.28	
Jul 12, 2006	1,258.60	
Jul 11, 2006	1,272.43	
Jul 10, 2006	1,267.34	
Jul 7, 2006	    1,265.48	
Jul 6, 2006	    1,274.08	
Jul 5, 2006	    1,270.91	
Jul 3, 2006	    1,280.19	
Jun 30, 2006	1,270.20	
Jun 29, 2006	1,272.87	
Jun 28, 2006	1,246.00	
Jun 27, 2006	1,239.20	
Jun 26, 2006	1,250.56	
Jun 23, 2006	1,244.50	
Jun 22, 2006	1,245.60	
Jun 21, 2006	1,252.20	
Jun 20, 2006	1,240.12	
Jun 19, 2006	1,240.13	
Jun 16, 2006	1,251.54	
Jun 15, 2006	1,256.16	
Jun 14, 2006	1,230.04	
Jun 13, 2006	1,223.69	
Jun 12, 2006	1,237.44	
Jun 9, 2006	    1,252.30	
Jun 8, 2006	    1,257.93	
Jun 7, 2006	    1,256.15	
Jun 6, 2006	    1,263.85	
Jun 5, 2006	    1,265.29	
Jun 2, 2006	    1,288.22	
Jun 1, 2006	    1,285.71	
May 31, 2006	1,270.09	
May 30, 2006	1,259.87	
May 26, 2006	1,280.16	
May 25, 2006	1,272.88	
May 24, 2006	1,258.57	
May 23, 2006	1,256.58	
May 22, 2006	1,262.07	
May 19, 2006	1,267.03	
May 18, 2006	1,261.81	
May 17, 2006	1,270.32	
May 16, 2006	1,292.08	
May 15, 2006	1,294.50	
May 12, 2006	1,291.24	
May 11, 2006	1,305.92	
May 10, 2006	1,322.85	
May 9, 2006	    1,325.14	
May 8, 2006	    1,324.66	
May 5, 2006	    1,325.76	
May 4, 2006	    1,312.25	
May 3, 2006	    1,308.12	
May 2, 2006	    1,313.21	
May 1, 2006	    1,305.19	
Apr 28, 2006	1,310.61	
Apr 27, 2006	1,309.72	
Apr 26, 2006	1,305.41	
Apr 25, 2006	1,301.74	
Apr 24, 2006	1,308.11	
Apr 21, 2006	1,311.28	
Apr 20, 2006	1,311.46	
Apr 19, 2006	1,309.93	
Apr 18, 2006	1,307.28	
Apr 17, 2006	1,285.33	
Apr 13, 2006	1,289.12	
Apr 12, 2006	1,288.12	
Apr 11, 2006	1,286.57	
Apr 10, 2006	1,296.62	
Apr 7, 2006	    1,295.50	
Apr 6, 2006	    1,309.04	
Apr 5, 2006	    1,311.56	
Apr 4, 2006	    1,305.93	
Apr 3, 2006	    1,297.81	
Mar 31, 2006	1,294.87	
Mar 30, 2006	1,300.25	
Mar 29, 2006	1,302.89	
Mar 28, 2006	1,293.23	
Mar 27, 2006	1,301.61	
Mar 24, 2006	1,302.95	
Mar 23, 2006	1,301.67	
Mar 22, 2006	1,305.04	
Mar 21, 2006	1,297.23	
Mar 20, 2006	1,305.08	
Mar 17, 2006	1,307.25	
Mar 16, 2006	1,305.33	
Mar 15, 2006	1,303.02	
Mar 14, 2006	1,297.48	
Mar 13, 2006	1,284.13	
Mar 10, 2006	1,281.42	
Mar 9, 2006	    1,272.23	
Mar 8, 2006	    1,278.47	
Mar 7, 2006	    1,275.88	
Mar 6, 2006	    1,278.26	
Mar 3, 2006	    1,287.23	
Mar 2, 2006	    1,289.14	
Mar 1, 2006	    1,291.24	
Feb 28, 2006	1,280.66	
Feb 27, 2006	1,294.12	
Feb 24, 2006	1,289.43	
Feb 23, 2006	1,287.79	
Feb 22, 2006	1,292.67	
Feb 21, 2006	1,283.03	
Feb 17, 2006	1,287.24	
Feb 16, 2006	1,289.38	
Feb 15, 2006	1,280.00	
Feb 14, 2006	1,275.53	
Feb 13, 2006	1,262.86	
Feb 10, 2006	1,266.99	
Feb 9, 2006	    1,263.78	
Feb 8, 2006	    1,265.65	
Feb 7, 2006	    1,254.78	
Feb 6, 2006	    1,265.02	
Feb 3, 2006	    1,264.03	
Feb 2, 2006	    1,270.84	
Feb 1, 2006	    1,282.46	
Jan 31, 2006	1,280.08	
Jan 30, 2006	1,285.19	
Jan 27, 2006	1,283.72	
Jan 26, 2006	1,273.83	
Jan 25, 2006	1,264.68	
Jan 24, 2006	1,266.86	
Jan 23, 2006	1,263.82	
Jan 20, 2006	1,261.49	
Jan 19, 2006	1,285.04	
Jan 18, 2006	1,277.93	
Jan 17, 2006	1,282.93	
Jan 13, 2006	1,287.61	
Jan 12, 2006	1,286.06	
Jan 11, 2006	1,294.18	
Jan 10, 2006	1,289.69	
Jan 9, 2006	    1,290.15	
Jan 6, 2006	    1,285.45	
Jan 5, 2006	    1,273.48	
Jan 4, 2006	    1,273.46	
Jan 3, 2006	    1,268.80	
Dec 30, 2005	1,248.29	
Dec 29, 2005	1,254.42	
Dec 28, 2005	1,258.17	
Dec 27, 2005	1,256.54	
Dec 23, 2005	1,268.66	
Dec 22, 2005	1,268.12	
Dec 21, 2005	1,262.79	
Dec 20, 2005	1,259.62	
Dec 19, 2005	1,259.92	
Dec 16, 2005	1,267.32	
Dec 15, 2005	1,270.94	
Dec 14, 2005	1,272.74	
Dec 13, 2005	1,267.43	
Dec 12, 2005	1,260.43	
Dec 9, 2005	    1,259.37	
Dec 8, 2005	    1,255.84	
Dec 7, 2005	    1,257.37	
Dec 6, 2005	    1,263.70	
Dec 5, 2005	    1,262.09	
Dec 2, 2005	    1,265.08	
Dec 1, 2005	    1,264.67	
Nov 30, 2005	1,249.48	
Nov 29, 2005	1,257.48	
Nov 28, 2005	1,257.46	
Nov 25, 2005	1,268.25	
Nov 23, 2005	1,265.61	
Nov 22, 2005	1,261.23	
Nov 21, 2005	1,254.85	
Nov 18, 2005	1,248.27	
Nov 17, 2005	1,242.80	
Nov 16, 2005	1,231.21	
Nov 15, 2005	1,229.01	
Nov 14, 2005	1,233.76	
Nov 11, 2005	1,234.72	
Nov 10, 2005	1,230.96	
Nov 9, 2005	    1,220.65	
Nov 8, 2005	    1,218.59	
Nov 7, 2005	    1,222.81	
Nov 4, 2005	    1,220.14	
Nov 3, 2005	    1,219.94	
Nov 2, 2005	    1,214.76	
Nov 1, 2005	    1,202.76	
Oct 31, 2005	1,207.01	
Oct 28, 2005	1,198.41	
Oct 27, 2005	1,178.90	
Oct 26, 2005	1,191.38	
Oct 25, 2005	1,196.54	
Oct 24, 2005	1,199.38	
Oct 21, 2005	1,179.59	
Oct 20, 2005	1,177.80	
Oct 19, 2005	1,195.76	
Oct 18, 2005	1,178.14	
Oct 17, 2005	1,190.10	
Oct 14, 2005	1,186.57	
Oct 13, 2005	1,176.84	
Oct 12, 2005	1,177.68	
Oct 11, 2005	1,184.87	
Oct 10, 2005	1,187.33	
Oct 7, 2005	    1,195.90	
Oct 6, 2005	    1,191.49	
Oct 5, 2005	    1,196.39	
Oct 4, 2005	    1,214.47	
Oct 3, 2005	    1,226.70	
Sep 30, 2005	1,228.81	
Sep 29, 2005	1,227.68	
Sep 28, 2005	1,216.89	
Sep 27, 2005	1,215.66	
Sep 26, 2005	1,215.63	
Sep 23, 2005	1,215.29	
Sep 22, 2005	1,214.62	
Sep 21, 2005	1,210.20	
Sep 20, 2005	1,221.34	
Sep 19, 2005	1,231.02	
Sep 16, 2005	1,237.91	
Sep 15, 2005	1,227.73	
Sep 14, 2005	1,227.16	
Sep 13, 2005	1,231.20	
Sep 12, 2005	1,240.56	
Sep 9, 2005	    1,241.48	
Sep 8, 2005	    1,231.67	
Sep 7, 2005	    1,236.36	
Sep 6, 2005	    1,233.39	
Sep 2, 2005	    1,218.02	
Sep 1, 2005	    1,221.59	
Aug 31, 2005	1,220.33	
Aug 30, 2005	1,208.41	
Aug 29, 2005	1,212.28	
Aug 26, 2005	1,205.10	
Aug 25, 2005	1,212.37	
Aug 24, 2005	1,209.59	
Aug 23, 2005	1,217.59	
Aug 22, 2005	1,221.73	
Aug 19, 2005	1,219.71	
Aug 18, 2005	1,219.02	
Aug 17, 2005	1,220.24	
Aug 16, 2005	1,219.34	
Aug 15, 2005	1,233.87	
Aug 12, 2005	1,230.39	
Aug 11, 2005	1,237.81	
Aug 10, 2005	1,229.13	
Aug 9, 2005	    1,231.38	
Aug 8, 2005	    1,223.13	
Aug 5, 2005	    1,226.42	
Aug 4, 2005	    1,235.86	
Aug 3, 2005	    1,245.04	
Aug 2, 2005	    1,244.12	
Aug 1, 2005	    1,235.35	
Jul 29, 2005	1,234.18	
Jul 28, 2005	1,243.72	
Jul 27, 2005	1,236.79	
Jul 26, 2005	1,231.16	
Jul 25, 2005	1,229.03	
Jul 22, 2005	1,233.68	
Jul 21, 2005	1,227.04	
Jul 20, 2005	1,235.20	
Jul 19, 2005	1,229.35	
Jul 18, 2005	1,221.13	
Jul 15, 2005	1,227.92	
Jul 14, 2005	1,226.50	
Jul 13, 2005	1,223.29	
Jul 12, 2005	1,222.21	
Jul 11, 2005	1,219.44	
Jul 8, 2005	    1,211.86	
Jul 7, 2005	    1,197.87	
Jul 6, 2005	    1,194.94	
Jul 5, 2005	    1,204.99	
Jul 1, 2005	    1,194.44	
Jun 30, 2005	1,191.33	
Jun 29, 2005	1,199.85	
Jun 28, 2005	1,201.57	
Jun 27, 2005	1,190.69	
Jun 24, 2005	1,191.57	
Jun 23, 2005	1,200.73	
Jun 22, 2005	1,213.88	
Jun 21, 2005	1,213.61	
Jun 20, 2005	1,216.10	
Jun 17, 2005	1,216.96	
Jun 16, 2005	1,210.96	
Jun 15, 2005	1,206.58	
Jun 14, 2005	1,203.91	
Jun 13, 2005	1,200.82	
Jun 10, 2005	1,198.11	
Jun 9, 2005	    1,200.93	
Jun 8, 2005	    1,194.67	
Jun 7, 2005	    1,197.26	
Jun 6, 2005	    1,197.51	
Jun 3, 2005	    1,196.02	
Jun 2, 2005	    1,204.29	
Jun 1, 2005	    1,202.22	
May 31, 2005	1,191.50	
May 27, 2005	1,198.78	
May 26, 2005	1,197.62	
May 25, 2005	1,190.01	
May 24, 2005	1,194.07	
May 23, 2005	1,193.86	
May 20, 2005	1,189.28	
May 19, 2005	1,191.08	
May 18, 2005	1,185.56	
May 17, 2005	1,173.80	
May 16, 2005	1,165.69	
May 13, 2005	1,154.05	
May 12, 2005	1,159.36	
May 11, 2005	1,171.11	
May 10, 2005	1,166.22	
May 9, 2005	    1,178.84	
May 6, 2005	    1,171.35	
May 5, 2005	    1,172.63	
May 4, 2005	    1,175.65	
May 3, 2005	    1,161.17	
May 2, 2005	    1,162.16	
Apr 29, 2005	1,156.85	
Apr 28, 2005	1,143.22	
Apr 27, 2005	1,156.38	
Apr 26, 2005	1,151.83	
Apr 25, 2005	1,162.10	
Apr 22, 2005	1,152.12	
Apr 21, 2005	1,159.95	
Apr 20, 2005	1,137.50	
Apr 19, 2005	1,152.78	
Apr 18, 2005	1,145.98	
Apr 15, 2005	1,142.62	
Apr 14, 2005	1,162.05	
Apr 13, 2005	1,173.79	
Apr 12, 2005	1,187.76	
Apr 11, 2005	1,181.21	
Apr 8, 2005	    1,181.20	
Apr 7, 2005	    1,191.14	
Apr 6, 2005	    1,184.07	
Apr 5, 2005	    1,181.39	
Apr 4, 2005	    1,176.12	
Apr 1, 2005	    1,172.92	
Mar 31, 2005	1,180.59	
Mar 30, 2005	1,181.41	
Mar 29, 2005	1,165.36	
Mar 28, 2005	1,174.28	
Mar 24, 2005	1,171.42	
Mar 23, 2005	1,172.53	
Mar 22, 2005	1,171.71	
Mar 21, 2005	1,183.78	
Mar 18, 2005	1,189.65	
Mar 17, 2005	1,190.21	
Mar 16, 2005	1,188.07	
Mar 15, 2005	1,197.75	
Mar 14, 2005	1,206.83	
Mar 11, 2005	1,200.08	
Mar 10, 2005	1,209.25	
Mar 9, 2005	    1,207.01	
Mar 8, 2005	    1,219.43	
Mar 7, 2005	    1,225.31	
Mar 4, 2005	    1,222.12	
Mar 3, 2005	    1,210.47	
Mar 2, 2005	    1,210.08	
Mar 1, 2005	    1,210.41	
Feb 28, 2005	1,203.60	
Feb 25, 2005	1,211.37	
Feb 24, 2005	1,200.20	
Feb 23, 2005	1,190.80	
Feb 22, 2005	1,184.16	
Feb 18, 2005	1,201.59	
Feb 17, 2005	1,200.75	
Feb 16, 2005	1,210.34	
Feb 15, 2005	1,210.12	
Feb 14, 2005	1,206.14	
Feb 11, 2005	1,205.30	
Feb 10, 2005	1,197.01	
Feb 9, 2005	    1,191.99	
Feb 8, 2005	    1,202.30	
Feb 7, 2005	    1,201.72	
Feb 4, 2005	    1,203.03	
Feb 3, 2005	    1,189.89	
Feb 2, 2005	    1,193.19	
Feb 1, 2005	    1,189.41	
Jan 31, 2005	1,181.27	
Jan 28, 2005	1,171.36	
Jan 27, 2005	1,174.55	
Jan 26, 2005	1,174.07	
Jan 25, 2005	1,168.41	
Jan 24, 2005	1,163.75	
Jan 21, 2005	1,167.87	
Jan 20, 2005	1,175.41	
Jan 19, 2005	1,184.63	
Jan 18, 2005	1,195.98	
Jan 14, 2005	1,184.52	
Jan 13, 2005	1,177.45	
Jan 12, 2005	1,187.70	
Jan 11, 2005	1,182.99	
Jan 10, 2005	1,190.25	
Jan 7, 2005	    1,186.19	
Jan 6, 2005	    1,187.89	
Jan 5, 2005	    1,183.74	
Jan 4, 2005	    1,188.05	
Jan 3, 2005	    1,202.08	
Dec 31, 2004	1,211.92	
Dec 30, 2004	1,213.55	
Dec 29, 2004	1,213.45	
Dec 28, 2004	1,213.54	
Dec 27, 2004	1,204.92	
Dec 23, 2004	1,210.13	
Dec 22, 2004	1,209.57	
Dec 21, 2004	1,205.45	
Dec 20, 2004	1,194.65	
Dec 17, 2004	1,194.20	
Dec 16, 2004	1,203.21	
Dec 15, 2004	1,205.72	
Dec 14, 2004	1,203.38	
Dec 13, 2004	1,198.68	
Dec 10, 2004	1,188.00	
Dec 9, 2004	    1,189.24	
Dec 8, 2004	    1,182.81	
Dec 7, 2004	    1,177.07	
Dec 6, 2004	    1,190.25	
Dec 3, 2004	    1,191.17	
Dec 2, 2004	    1,190.33	
Dec 1, 2004	    1,191.37	
Nov 30, 2004	8.57	
Novv 24, 2004	1,181.76	
Nov 23, 2004	1,176.94	
Nov 22, 2004	1,177.24	
Nov 19, 2004	1,170.34	
Nov 18, 2004	1,183.55	
Nov 17, 2004	1,181.94	
Nov 16, 2004	1,175.43	
Nov 15, 2004	1,183.81	
Nov 12, 2004	1,184.17	
Nov 11, 2004	1,173.48	
Nov 10, 2004	1,162.91	
Nov 9, 2004	    1,164.08	
Nov 8, 2004	    1,164.89	
Nov 5, 2004	    1,166.17	
Nov 4, 2004	    1,161.67	
Nov 3, 2004	    1,143.20	
Nov 2, 2004	    1,130.56	
Nov 1, 2004	    1,130.51	
Oct 29, 2004	1,130.20	
Oct 28, 2004	1,127.44	
Oct 27, 2004	1,125.40	
Oct 26, 2004	1,111.09	
Oct 25, 2004	1,094.80	
Oct 22, 2004	1,095.74	
Oct 21, 2004	1,106.49	
Oct 20, 2004	1,103.66	
Oct 19, 2004	1,103.23	
Oct 18, 2004	1,114.02	
Oct 15, 2004	1,108.20	
Oct 14, 2004	1,103.29	
Oct 13, 2004	1,113.65	
Oct 12, 2004	1,121.84	
Oct 11, 2004	1,124.39	
Oct 8, 2004	    1,122.14	
Oct 7, 2004	    1,130.65	
Oct 6, 2004	    1,142.05	
Oct 5, 2004	    1,134.48	
Oct 4, 2004	    1,135.17	
Oct 1, 2004	    1,131.50	
Sep 30, 2004	1,114.58	
Sep 29, 2004	1,114.80	
Sep 28, 2004	1,110.06	
Sep 27, 2004	1,103.52	
Sep 24, 2004	1,110.11	
Sep 23, 2004	1,108.36	
Sep 22, 2004	1,113.56	
Sep 21, 2004	1,129.30	
Sep 20, 2004	1,122.20	
Sep 17, 2004	1,128.55	
Sep 16, 2004	1,123.50	
Sep 15, 2004	1,120.37	
Sep 14, 2004	1,128.33	
Sep 13, 2004	1,125.82	
Sep 10, 2004	1,123.92	
Sep 9, 2004	    1,118.38
Sep 8, 2004	    1,116.27
Sep 7, 2004	    1,121.30
Sep 3, 2004	    1,113.63
Sep 2, 2004	    1,118.31
Sep 1, 2004	    1,105.91
Aug 31, 2004	1,104.24
Aug 30, 2004	1,099.15
Aug 27, 2004	1,107.77
Aug 26, 2004	1,105.09
Aug 25, 2004	1,104.96
Aug 24, 2004	1,096.19
Aug 23, 2004	1,095.68
Aug 20, 2004	1,098.35
Aug 19, 2004	1,091.23
Aug 18, 2004	1,095.17
Aug 17, 2004	1,081.71
Aug 16, 2004	1,079.34
Aug 13, 2004	1,064.80
Aug 12, 2004	1,063.23
Aug 11, 2004	1,075.79
Aug 10, 2004	1,079.04
Aug 9, 2004	    1,065.22
Aug 6, 2004	    1,063.97
Aug 5, 2004	    1,080.70
Aug 4, 2004	    1,098.63
Aug 3, 2004	    1,099.69
Aug 2, 2004	    1,106.62
Jul 30, 2004	1,101.72
Jul 29, 2004	1,100.43
Jul 28, 2004	1,095.42
Jul 27, 2004	1,094.83
Jul 26, 2004	1,084.07
Jul 23, 2004	1,086.20
Jul 22, 2004	1,096.84
Jul 21, 2004	1,093.88
Jul 20, 2004	1,108.67
Jul 19, 2004	1,100.90
Jul 16, 2004	1,101.39
Jul 15, 2004	1,106.69
Jul 14, 2004	1,111.47
Jul 13, 2004	1,115.14
Jul 12, 2004	1,114.35
Jul 9, 2004	    1,112.81
Jul 8, 2004	    1,109.11
Jul 7, 2004	    1,118.33
Jul 6, 2004	    1,116.21
Jul 2, 2004	    1,125.38
Jul 1, 2004	    1,128.94
Jun 30, 2004	1,140.84
Jun 29, 2004	1,136.20
Jun 28, 2004	1,133.35
Jun 25, 2004	1,134.43
Jun 24, 2004	1,140.65
Jun 23, 2004	1,144.06
Jun 22, 2004	1,134.41
Jun 21, 2004	1,130.30
Jun 18, 2004	1,135.02
Jun 17, 2004	1,132.05
Jun 16, 2004	1,133.56
Jun 15, 2004	1,132.01
Jun 14, 2004	1,125.29
Jun 10, 2004	1,136.47
Jun 9, 2004	    1,131.33
Jun 8, 2004	    1,142.18
Jun 7, 2004	    1,140.42
Jun 4, 2004	    1,122.50
Jun 3, 2004	    1,116.64
Jun 2, 2004	    1,124.99
Jun 1, 2004	    1,121.20
May 28, 2004	1,120.68
May 27, 2004	1,121.28
May 26, 2004	1,114.94
May 25, 2004	1,113.05
May 24, 2004	1,095.41
May 21, 2004	1,093.56
May 20, 2004	1,089.19
May 19, 2004	1,088.68
May 18, 2004	1,091.49
May 17, 2004	1,084.10
May 14, 2004	1,095.70
May 13, 2004	1,096.44
May 12, 2004	1,097.28
May 11, 2004	1,095.45
May 10, 2004	1,087.12
May 7, 2004	    1,098.70
May 6, 2004	    1,113.99
May 5, 2004	    1,121.53
May 4, 2004	    1,119.55
May 3, 2004	    1,117.49
Apr 30, 2004	1,107.30
Apr 29, 2004	1,113.89
Apr 28, 2004	1,122.41
Apr 27, 2004	1,138.11
Apr 26, 2004	1,135.53
Apr 23, 2004	1,140.60
Apr 22, 2004	1,139.93
Apr 21, 2004	1,124.09
Apr 20, 2004	1,118.15
Apr 19, 2004	1,135.82
Apr 16, 2004	1,134.61
Apr 15, 2004	1,128.84
Apr 14, 2004	1,128.17
Apr 13, 2004	1,129.44
Apr 12, 2004	1,145.20
Apr 8, 2004	    1,139.32
Apr 7, 2004	    1,140.53
Apr 6, 2004	    1,148.16
Apr 5, 2004	    1,150.57
Apr 2, 2004	    1,141.81
Apr 1, 2004	    1,132.17
Mar 31, 2004	1,126.21
Mar 30, 2004	1,127.00
Mar 29, 2004	1,122.47
Mar 26, 2004	1,108.06
Mar 25, 2004	1,109.19
Mar 24, 2004	1,091.33
Mar 23, 2004	1,093.95
Mar 22, 2004	1,095.40
Mar 19, 2004	1,109.78
Mar 18, 2004	1,122.32
Mar 17, 2004	1,123.75
Mar 16, 2004	1,110.70
Mar 15, 2004	1,104.49
Mar 12, 2004	1,120.57
Mar 11, 2004	1,106.78
Mar 10, 2004	1,123.89
Mar 9, 2004	    1,140.58
Mar 8, 2004	    1,147.20
Mar 5, 2004	    1,156.86
Mar 4, 2004	    1,154.87
Mar 3, 2004	    1,151.03
Mar 2, 2004	    1,149.10
Mar 1, 2004	    1,155.97
Feb 27, 2004	1,144.94
Feb 26, 2004	1,144.91
Feb 25, 2004	1,143.67
Feb 24, 2004	1,139.09
Feb 23, 2004	1,140.99
Feb 20, 2004	1,144.11
Feb 19, 2004	1,147.06
Feb 18, 2004	1,151.82
Feb 17, 2004	1,156.99
Feb 13, 2004	1,145.81
Feb 12, 2004	1,152.11
Feb 11, 2004	1,157.76
Feb 10, 2004	1,145.54
Feb 9, 2004	    1,139.81
Feb 6, 2004	    1,142.76
Feb 5, 2004	    1,128.59
Feb 4, 2004	    1,126.52
Feb 3, 2004	    1,136.03
Feb 2, 2004	    1,135.26
Jan 30, 2004	1,131.13
Jan 29, 2004	1,134.11
Jan 28, 2004	1,128.48
Jan 27, 2004	1,144.05
Jan 26, 2004	1,155.37
Jan 23, 2004	1,141.55
Jan 22, 2004	1,143.94
Jan 21, 2004	1,147.62
Jan 20, 2004	1,138.77
Jan 16, 2004	1,139.83
Jan 15, 2004	1,132.05
Jan 14, 2004	1,130.52
Jan 13, 2004	1,121.22
Jan 12, 2004	1,127.23
Jan 9, 2004	    1,121.86
Jan 8, 2004	    1,131.92
Jan 7, 2004	    1,126.33
Jan 6, 2004	    1,123.67
Jan 5, 2004	    1,122.22
Jan 2, 2004	    1,108.48
Dec 31, 2003	1,111.92
Dec 30, 2003	1,109.64
Dec 29, 2003	1,109.48
Dec 26, 2003	1,095.89
Dec 24, 2003	1,094.04
Dec 23, 2003	1,096.02
Dec 22, 2003	1,092.94
Dec 19, 2003	1,088.66
Dec 18, 2003	1,089.18
Dec 17, 2003	1,076.48
Dec 16, 2003	1,075.13
Dec 15, 2003	1,068.04
Dec 12, 2003	1,074.14
Dec 11, 2003	1,071.21
Dec 10, 2003	1,059.05
Dec 9, 2003	    1,060.18
Dec 8, 2003	    1,069.30
Dec 5, 2003	    1,061.50
Dec 4, 2003	    1,069.72
Dec 3, 2003	    1,064.73
Dec 2, 2003	    1,066.62
Dec 1, 2003	    1,070.12
Nov 28, 2003	1,058.20
Nov 26, 2003	1,058.45
Nov 25, 2003	1,053.89
Nov 24, 2003	1,052.08
Nov 21, 2003	1,035.28
Nov 20, 2003	1,033.65
Nov 19, 2003	1,042.44
Nov 18, 2003	1,034.15
Nov 17, 2003	1,043.63
Nov 14, 2003	1,050.35
Nov 13, 2003	1,058.41
Nov 12, 2003	1,058.53
Nov 11, 2003	1,046.57
Nov 10, 2003	1,047.11
Nov 7, 2003	    1,053.21
Nov 6, 2003	    1,058.05
Nov 5, 2003	    1,051.81
Nov 4, 2003	    1,053.25
Nov 3, 2003	    1,059.02
Oct 31, 2003	1,050.71
Oct 30, 2003	1,046.94
Oct 29, 2003	1,048.11
Oct 28, 2003	1,046.79
Oct 27, 2003	1,031.13
Oct 24, 2003	1,028.91
Oct 23, 2003	1,033.77
Oct 22, 2003	1,030.36
Oct 21, 2003	1,046.03
Oct 20, 2003	1,044.68
Oct 17, 2003	1,039.32
Oct 16, 2003	1,050.07
Oct 15, 2003	1,046.76
Oct 14, 2003	1,049.48
Oct 13, 2003	1,045.35
Oct 10, 2003	1,038.06
Oct 9, 2003	    1,038.73
Oct 8, 2003	    1,033.78
Oct 7, 2003	    1,039.25
Oct 6, 2003	    1,034.35
Oct 3, 2003	    1,029.85
Oct 2, 2003	    1,020.24
Oct 1, 2003	    1,018.22	
Sep 30, 2003	995.97	
Sep 29, 2003	1,006.58	
Sep 26, 2003    996.85	
Sep 25, 2003	1,003.27	
Sep 24, 2003	1,009.38	
Sep 23, 2003	1,029.03	
Sep 22, 2003	1,022.82	
Sep 19, 2003	1,036.30	
Sep 18, 2003	1,039.58	
Sep 17, 2003	1,025.97	
Sep 16, 2003	1,029.32	
Sep 15, 2003	1,014.81	
Sep 12, 2003	1,018.63	
Sep 11, 2003	1,016.42	
Sep 10, 2003	1,010.92	
Sep 9, 2003	   	1,023.17
Sep 8, 2003	   	1,031.64
Sep 5, 2003	   	1,021.39
Sep 4, 2003	   	1,027.97
Sep 3, 2003	   	1,026.27
Sep 2, 2003	   	1,021.99
Aug 29, 2003	1,008.01
Aug 28, 2003	1,002.84	
Aug 27, 2003	996.79
Aug 26, 2003	996.73	
Aug 25, 2003	993.71	
Aug 22, 2003	993.06
Aug 21, 2003	1,003.27
Aug 20, 2003	1,000.30	
Aug 19, 2003	1,002.35	
Aug 18, 2003	999.74	
Aug 15, 2003	990.67	
Aug 14, 2003	990.51	
Aug 13, 2003	984.03	
Aug 12, 2003	990.35	
Aug 11, 2003	980.59	
Aug 8, 2003	    977.59	
Aug 7, 2003	    974.12	
Aug 6, 2003	    967.08	
Aug 5, 2003	    965.46	
Aug 4, 2003	    982.82	
Aug 1, 2003	    980.15	
Jul 31, 2003	990.31	
Jul 30, 2003	987.49	
Jul 29, 2003	989.28	
Jul 28, 2003	996.52	
Jul 25, 2003	998.68	
Jul 24, 2003	981.60	
Jul 23, 2003	988.61	
Jul 22, 2003	988.11	
Jul 21, 2003	978.80	
Jul 18, 2003	993.32	
Jul 17, 2003	981.73	
Jul 16, 2003    994.09	
Jul 15, 2003	1,000.42	
Jul 14, 2003	1,003.86	
Jul 11, 2003	998.14
Jul 10, 2003	988.70	
Jul 9, 2003	    1,002.21	
Jul 8, 2003	    1,007.84	
Jul 7, 2003	    1,004.42	
Jul 3, 2003	    985.70	
Jul 2, 2003	    993.75	
Jul 1, 2003	    982.32	
Jun 30, 2003	974.50	
Jun 27, 2003	976.22	
Jun 26, 2003	985.82	
Jun 25, 2003	975.32	
Jun 24, 2003	983.45	
Jun 23, 2003	981.64	
Jun 20, 2003	995.69	
Jun 19, 2003	994.70
Jun 18, 2003	1,010.09	
Jun 17, 2003	1,011.66	
Jun 16, 2003	1,010.74
Jun 13, 2003	988.61	
Jun 12, 2003	998.51	
Jun 11, 2003	997.48	
Jun 10, 2003	984.84	
Jun 9, 2003	    975.93	
Jun 6, 2003	    987.76
Jun 5, 2003	    990.14	
Jun 4, 2003	    986.24	
Jun 3, 2003	    971.56	
Jun 2, 2003	    967.00	
May 30, 2003	963.59	
May 29, 2003	949.64	
May 28, 2003	953.22	
May 27, 2003	951.48	
May 23, 2003	933.22	
May 22, 2003	931.87	
May 21, 2003	923.42	
May 20, 2003	919.73	
May 19, 2003	920.77	
May 16, 2003	944.30	
May 15, 2003	946.67	
May 14, 2003	939.28	
May 13, 2003	942.30	
May 12, 2003	945.11	
May 9, 2003	    933.41	
May 8, 2003	    920.27	
May 7, 2003	    929.62	
May 6, 2003	    934.39	
May 5, 2003	    926.55	
May 2, 2003	    930.08	
May 1, 2003	    916.30	
Apr 30, 2003	916.92	
Apr 29, 2003	917.84	
Apr 28, 2003	914.84	
Apr 25, 2003	898.81	
Apr 24, 2003	911.43	
Apr 23, 2003	919.02	
Apr 22, 2003	911.37	
Apr 21, 2003	892.01	
Apr 17, 2003	893.58	
Apr 16, 2003	879.91	
Apr 15, 2003	890.81	
Apr 14, 2003	885.23	
Apr 11, 2003	868.30	
Apr 10, 2003	871.58	
Apr 9, 2003	    865.99	
Apr 8, 2003	    878.29	
Apr 7, 2003	    879.93	
Apr 4, 2003	    878.85	
Apr 3, 2003	    876.45	
Apr 2, 2003	    880.90	
Apr 1, 2003	    858.48	
Mar 31, 2003	848.18	
Mar 28, 2003	863.50	
Mar 27, 2003	868.52	
Mar 26, 2003	869.95	
Mar 25, 2003	874.74	
Mar 24, 2003	864.23	
Mar 21, 2003	895.79	
Mar 20, 2003	875.67	
Mar 19, 2003	874.02	
Mar 18, 2003	866.45	
Mar 17, 2003	862.79	
Mar 14, 2003	833.27	
Mar 13, 2003	831.90	
Mar 12, 2003	804.19	
Mar 11, 2003	800.73	
Mar 10, 2003	807.48	
Mar 7, 2003	    828.89	
Mar 6, 2003	    822.10	
Mar 5, 2003	    829.85	
Mar 4, 2003	    821.99	
Mar 3, 2003	    834.81	
Feb 28, 2003	841.15	
Feb 27, 2003	837.28	
Feb 26, 2003	827.55	
Feb 25, 2003	838.57	
Feb 24, 2003	832.58	
Feb 21, 2003	848.17	
Feb 20, 2003	837.10	
Feb 19, 2003	845.13	
Feb 18, 2003	851.17	
Feb 14, 2003	834.89	
Feb 13, 2003	817.37	
Feb 12, 2003	818.68	
Feb 11, 2003	829.20	
Feb 10, 2003	835.97	
Feb 7, 2003	    829.69	
Feb 6, 2003	    838.15	
Feb 5, 2003	    843.59	
Feb 4, 2003	    848.20	
Feb 3, 2003	    860.32	
Jan 31, 2003	855.70	
Jan 30, 2003	844.61	
Jan 29, 2003	864.36	
Jan 28, 2003	858.54	
Jan 27, 2003	847.48	
Jan 24, 2003	861.40	
Jan 23, 2003	887.34	
Jan 22, 2003	878.36	
Jan 21, 2003	887.62	
Jan 17, 2003	901.78	
Jan 16, 2003	914.60	
Jan 15, 2003	918.22	
Jan 14, 2003	931.66	
Jan 13, 2003	926.26	
Jan 10, 2003	927.57	
Jan 9, 2003	    927.57	
Jan 8, 2003	    909.93	
Jan 7, 2003	    922.93	
Jan 6, 2003	    929.01	
Jan 3, 2003	    908.59	
Jan 2, 2003	    909.03	
Dec 31, 2002	879.82	
Dec 30, 2002	879.39	
Dec 27, 2002	875.40	
Dec 26, 2002	889.66	
Dec 24, 2002	892.47	
Dec 23, 2002	897.38	
Dec 20, 2002	895.76	
Dec 19, 2002	884.25	
Dec 18, 2002	891.12	
Dec 17, 2002	902.99	
Dec 16, 2002	910.40	
Dec 13, 2002	889.48	
Dec 12, 2002	901.58	
Dec 11, 2002	904.96	
Dec 10, 2002	904.45	
Dec 9, 2002	    892.00	
Dec 6, 2002	    912.23	
Dec 5, 2002	    906.55	
Dec 4, 2002	    917.58	
Dec 3, 2002	    920.75	
Dec 2, 2002	    934.53	
Nov 29, 2002	936.31	
Nov 27, 2002	938.87	
Nov 26, 2002	913.31	
Nov 25, 2002	932.87	
Nov 22, 2002	930.55	
Nov 21, 2002	933.76	
Nov 20, 2002	914.15	
Nov 19, 2002	896.74	
Nov 18, 2002	900.36	
Nov 15, 2002	909.83	
Nov 14, 2002	904.27	
Nov 13, 2002	882.53	
Nov 12, 2002	882.95	
Nov 11, 2002	876.19	
Nov 8, 2002	    894.74	
Nov 7, 2002	    902.65	
Nov 6, 2002	    923.76	
Nov 5, 2002	    915.39	
Nov 4, 2002	    908.35	
Nov 1, 2002	    900.96	
Oct 31, 2002	885.76	
Oct 30, 2002	890.71	
Oct 29, 2002	882.15	
Oct 28, 2002	890.23	
Oct 25, 2002	897.65	
Oct 24, 2002	882.50	
Oct 23, 2002	896.14	
Oct 22, 2002	890.16	
Oct 21, 2002	899.72	
Oct 18, 2002	884.39	
Oct 17, 2002	879.20	
Oct 16, 2002	860.02	
Oct 15, 2002	881.27	
Oct 14, 2002	841.44	
Oct 11, 2002	835.32	
Oct 10, 2002	803.92	
Oct 9, 2002     776.76	
Oct 8, 2002     798.55	
Oct 7, 2002     785.28	
Oct 4, 2002     800.58	
Oct 3, 2002     818.95	
Oct 2, 2002     827.91	
Oct 1, 2002     847.91	
Sep 30, 2002	815.28	
Sep 27, 2002	827.37	
Sep 26, 2002	854.95	
Sep 25, 2002	839.66	
Sep 24, 2002	819.29	
Sep 23, 2002	833.70	
Sep 20, 2002	845.39	
Sep 19, 2002	843.32	
Sep 18, 2002	869.46	
Sep 17, 2002	873.52	
Sep 16, 2002	891.10	
Sep 13, 2002	889.81	
Sep 12, 2002	886.91	
Sep 11, 2002	909.45	
Sep 10, 2002	909.58	
Sep 9, 2002	    902.96	
Sep 6, 2002	    893.92	
Sep 5, 2002	    879.15	
Sep 4, 2002	    893.40	
Sep 3, 2002	    878.02	
Aug 30, 2002	916.07	
Aug 29, 2002	917.80	
Aug 28, 2002	917.87	
Aug 27, 2002	934.82	
Aug 26, 2002	947.95	
Aug 23, 2002	940.86	
Aug 22, 2002	962.70	
Aug 21, 2002	949.36	
Aug 20, 2002	937.43	
Aug 19, 2002	950.70	
Aug 16, 2002	928.77	
Aug 15, 2002	930.25	
Aug 14, 2002	919.62	
Aug 13, 2002	884.21	
Aug 12, 2002	903.80	
Aug 9, 2002	    908.64	
Aug 8, 2002	    905.46	
Aug 7, 2002	    876.77	
Aug 6, 2002	    859.57	
Aug 5, 2002	    834.60	
Aug 2, 2002	    864.24	
Aug 1, 2002	    884.66	
Jul 31, 2002	911.62	
Jul 30, 2002	902.78	
Jul 29, 2002	898.96	
Jul 26, 2002	852.84	
Jul 25, 2002	838.68	
Jul 24, 2002	843.43	
Jul 23, 2002	797.70	
Jul 22, 2002	819.85	
Jul 19, 2002	847.75	
Jul 18, 2002	881.56	
Jul 17, 2002	906.04	
Jul 16, 2002	900.94	
Jul 15, 2002	917.93	
Jul 12, 2002	921.39	
Jul 11, 2002	927.37	
Jul 10, 2002	920.47	
Jul 9, 2002	    952.83	
Jul 8, 2002	    976.98	
Jul 5, 2002	    989.03	
Jul 3, 2002	    953.99	
Jul 2, 2002	    948.09	
Jul 1, 2002	    968.65	
Jun 28, 2002	989
Jun 27, 2002	990.64	
Jun 26, 2002	973.53	
Jun 25, 2002	976
Jun 24, 2002	992
Jun 21, 2002	989
Jun 20, 2002	1,006.29	
Jun 19, 2002	1,019.99	
Jun 18, 2002	1,037.14	
Jun 17, 2002	1,036.17	
Jun 14, 2002	1,007
Jun 13, 2002	1,009.56	
Jun 12, 2002	1,020.26	
Jun 11, 2002	1,013.60	
Jun 10, 2002	1,030.74	
Jun 7, 2002	    1,027.53	
Jun 6, 2002	    1,029.15	
Jun 5, 2002	    1,049.90	
Jun 4, 2002	    1,040.69	
Jun 3, 2002	    1,040.68	
May 31, 2002	1,067.14	
May 30, 2002	1,064.66	
May 29, 2002	1,067.66	
May 28, 2002	1,074.55	
May 24, 2002	1,083.82	
May 23, 2002	1,097.08	
May 22, 2002	1,086.02	
May 21, 2002	1,079.88	
May 20, 2002	1,091.88	
May 17, 2002	1,106.59	
May 16, 2002	1,098.23	
May 15, 2002	1,091.07	
May 14, 2002	1,097.28	
May 13, 2002	1,074.56	
May 10, 2002	1,054.99	
May 9, 2002	    1,073.01	
May 8, 2002	    1,088.85	
May 7, 2002	    1,049.49	
May 6, 2002	    1,052.67	
May 3, 2002	    1,073.43	
May 2, 2002	    1,084.56	
May 1, 2002	    1,086.46	
Apr 30, 2002	1,076.92	
Apr 29, 2002	1,065.45	
Apr 26, 2002	1,076.32	
Apr 25, 2002	1,091.48	
Apr 24, 2002	1,093.14	
Apr 23, 2002	1,100.96	
Apr 22, 2002	1,107.83	
Apr 19, 2002	1,125.17	
Apr 18, 2002	1,124.47	
Apr 17, 2002	1,126.07	
Apr 16, 2002	1,128.37	
Apr 15, 2002	1,102.55	
Apr 12, 2002	1,111.01	
Apr 11, 2002	1,103.69	
Apr 10, 2002	1,130.47	
Apr 9, 2002	    1,117.80	
Apr 8, 2002	    1,125.29	
Apr 5, 2002	    1,122.73	
Apr 4, 2002	    1,126.34	
Apr 3, 2002	    1,125.40	
Apr 2, 2002	    1,136.76	
Apr 1, 2002	    1,146.54	
Mar 28, 2002	1,147.39	
Mar 27, 2002	1,144.58	
Mar 26, 2002	1,138.49	
Mar 25, 2002	1,131.87	
Mar 22, 2002	1,148.70	
Mar 21, 2002	1,153.59	
Mar 20, 2002	1,151.85	
Mar 19, 2002	1,170.29	
Mar 18, 2002	1,165.55	
Mar 15, 2002	1,166.16	
Mar 14, 2002	1,153.04	
Mar 13, 2002	1,154.09	
Mar 12, 2002	1,165.58	
Mar 11, 2002	1,168.26	
Mar 8, 2002	    1,164.31	
Mar 7, 2002	    1,157.54	
Mar 6, 2002	    1,162.77	
Mar 5, 2002	    1,146.14	
Mar 4, 2002	    1,153.84	
Mar 1, 2002	    1,131.78	
Feb 28, 2002	1,106.73	
Feb 27, 2002	1,109.89	
Feb 26, 2002	1,109.38	
Feb 25, 2002	1,109.43	
Feb 22, 2002	1,089.84	
Feb 21, 2002	1,080.95	
Feb 20, 2002	1,097.98	
Feb 19, 2002	1,083.34	
Feb 15, 2002	1,104.18	
Feb 14, 2002	1,116.48	
Feb 13, 2002	1,118.51	
Feb 12, 2002	1,107.50	
Feb 11, 2002	1,111.94	
Feb 8, 2002	    1,096.22	
Feb 7, 2002	    1,080.17	
Feb 6, 2002	    1,083.51	
Feb 5, 2002	    1,090.02	
Feb 4, 2002	    1,094.44	
Feb 1, 2002	    1,122.20	
Jan 31, 2002	1,130.20	
Jan 30, 2002	1,113.57	
Jan 29, 2002	1,100.64	
Jan 28, 2002	1,133.06	
Jan 25, 2002	1,133.28	
Jan 24, 2002	1,132.15	
Jan 23, 2002	1,128.18	
Jan 22, 2002	1,119.31	
Jan 18, 2002	1,127.58	
Jan 17, 2002	1,138.88	
Jan 16, 2002	1,127.57	
Jan 15, 2002	1,146.19	
Jan 14, 2002	1,138.41	
Jan 11, 2002	1,145.60	
Jan 10, 2002	1,156.55	
Jan 9, 2002	    1,155.14	
Jan 8, 2002	    1,160.71	
Jan 7, 2002	    1,164.89	
Jan 4, 2002	    1,172.51	
Jan 3, 2002	    1,165.27	
Jan 2, 2002	    1,154.67	
Dec 31, 2001	1,148.08	
Dec 28, 2001	1,161.02	
Dec 27, 2001	1,157.13	
Dec 26, 2001	1,149.37	
Dec 24, 2001	1,144.65	
Dec 21, 2001	1,144.89	
Dec 20, 2001	1,139.93	
Dec 19, 2001	1,149.56	
Dec 18, 2001	1,142.92	
Dec 17, 2001	1,134.36	
Dec 14, 2001	1,123.09	
Dec 13, 2001	1,119.38	
Dec 12, 2001	1,137.07	
Dec 11, 2001	1,136.76	
Dec 10, 2001	1,139.93	
Dec 7, 2001	    1,158.31	
Dec 6, 2001	    1,167.10	
Dec 5, 2001	    1,170.35	
Dec 4, 2001	    1,144.80	
Dec 3, 2001	    1,129.90	
Nov 30, 2001	1,139.45	
Nov 29, 2001	1,140.20	
Nov 28, 2001	1,128.52	
Nov 27, 2001	1,149.50	
Nov 26, 2001	1,157.42	
Nov 23, 2001	1,150.34	
Nov 21, 2001	1,137.03	
Nov 20, 2001	1,142.66	
Nov 19, 2001	1,151.06	
Nov 16, 2001	1,138.65	
Nov 15, 2001	1,142.24	
Nov 14, 2001	1,141.21	
Nov 13, 2001	1,139.09	
Nov 12, 2001	1,118.33	
Nov 9, 2001	    1,120.31	
Nov 8, 2001	    1,118.54	
Nov 7, 2001	    1,115.80	
Nov 6, 2001	    1,118.86	
Nov 5, 2001	    1,102.84	
Nov 2, 2001	    1,087.20	
Nov 1, 2001	    1,084.10	
Oct 31, 2001	1,059.78	
Oct 30, 2001	1,059.79	
Oct 29, 2001	1,078.30	
Oct 26, 2001	1,104.61	
Oct 25, 2001	1,100.09	
Oct 24, 2001	1,085.20	
Oct 23, 2001	1,084.78	
Oct 22, 2001	1,089.90	
Oct 19, 2001	1,073.48	
Oct 18, 2001	1,068.61	
Oct 17, 2001	1,077.09	
Oct 16, 2001	1,097.54	
Oct 15, 2001	1,089.98	
Oct 12, 2001	1,091.65	
Oct 11, 2001	1,097.43	
Oct 10, 2001	1,080.99	
Oct 9, 2001	    1,056.75	
Oct 8, 2001	    1,062.44	
Oct 5, 2001	    1,071.38	
Oct 4, 2001	    1,069.63	
Oct 3, 2001	    1,072.28	
Oct 2, 2001	    1,051.33	
Oct 1, 2001	    1,038.55	
Sep 28, 2001	1,040.94	
Sep 27, 2001	1,018.00
Sep 26, 2001	1,007.04	
Sep 25, 2001	1,012.27
Sep 24, 2001	1003.45
Sep 21, 2001	965.80
Sep 20, 2001	984.54
Sep 19, 2001	1,016.10	
Sep 18, 2001	1,032.74	
Sep 17, 2001	1,038.77	
Sep 10, 2001	1,092.54	
Sep 7, 2001	    1,085.78	
Sep 6, 2001	    1,106.40	
Sep 5, 2001	    1,131.74	
Sep 4, 2001	    1,132.94	
Aug 31, 2001	1,133.58	
Aug 30, 2001	1,129.03	
Aug 29, 2001	1,148.56	
Aug 28, 2001	1,161.51	
Aug 27, 2001	1,179.21	
Aug 24, 2001	1,184.93	
Aug 23, 2001	1,162.09	
Aug 22, 2001	1,165.31	
Aug 21, 2001	1,157.26	
Aug 20, 2001	1,171.41	
Aug 17, 2001	1,161.97	
Aug 16, 2001	1,181.66	
Aug 15, 2001	1,178.02	
Aug 14, 2001	1,186.73	
Aug 13, 2001	1,191.29	
Aug 10, 2001	1,190.16	
Aug 9, 2001	    1,183.43	
Aug 8, 2001	    1,183.53	
Aug 7, 2001	    1,204.40	
Aug 6, 2001	    1,200.48	
Aug 3, 2001	    1,214.35	
Aug 2, 2001	    1,220.75	
Aug 1, 2001	    1,215.93	
Jul 31, 2001	1,211.23	
Jul 30, 2001	1,204.52	
Jul 27, 2001	1,205.82	
Jul 26, 2001	1,202.93	
Jul 25, 2001	1,190.49	
Jul 24, 2001	1,171.65	
Jul 23, 2001	1,191.03	
Jul 20, 2001	1,210.85	
Jul 19, 2001	1,215.02	
Jul 18, 2001	1,207.71	
Jul 17, 2001	1,214.44	
Jul 16, 2001	1,202.45	
Jul 13, 2001	1,215.68	
Jul 12, 2001	1,208.14	
Jul 11, 2001	1,180.18	
Jul 10, 2001	1,181.52	
Jul 9, 2001	    1,198.78	
Jul 6, 2001	    1,190.59	
Jul 5, 2001	    1,219.24	
Jul 3, 2001	    1,234.45	
Jul 2, 2001	    1,236.72	
Jun 29, 2001	1,224.38	
Jun 28, 2001	1,226.20	
Jun 27, 2001	1,211.07	
Jun 26, 2001	1,216.76	
Jun 25, 2001	1,218.60	
Jun 22, 2001	1,225.35	
Jun 21, 2001	1,237.04	
Jun 20, 2001	1,223.14	
Jun 19, 2001	1,212.58	
Jun 18, 2001	1,208.43	
Jun 15, 2001	1,214.36	
Jun 14, 2001	1,219.87	
Jun 13, 2001	1,241.60	
Jun 12, 2001	1,255.85	
Jun 11, 2001	1,254.39	
Jun 8, 2001	    1,264.96	
Jun 7, 2001	    1,276.96	
Jun 6, 2001	    1,270.03	
Jun 5, 2001	    1,283.57	
Jun 4, 2001	    1,267.11	
Jun 1, 2001	    1,260.67	
May 31, 2001	1,255.82	
May 30, 2001	1,248.08	
May 29, 2001	1,267.93	
May 25, 2001	1,277.89	
May 24, 2001	1,293.17	
May 23, 2001	1,289.05	
May 22, 2001	1,309.38	
May 21, 2001	1,312.83	
May 18, 2001	1,291.96	
May 17, 2001	1,288.49	
May 16, 2001	1,284.99	
May 15, 2001	1,249.44	
May 14, 2001	1,248.92	
May 11, 2001	1,245.67	
May 10, 2001	1,255.18	
May 9, 2001	    1,255.54	
May 8, 2001	    1,261.20	
May 7, 2001	    1,263.51	
May 4, 2001	    1,266.61	
May 3, 2001	    1,248.58	
May 2, 2001	    1,267.43	
May 1, 2001	    1,266.44	
Apr 30, 2001	1,249.46	
Apr 27, 2001	1,253.05	
Apr 26, 2001	1,234.52	
Apr 25, 2001	1,228.75	
Apr 24, 2001	1,209.47	
Apr 23, 2001	1,224.36	
Apr 20, 2001	1,242.98	
Apr 19, 2001	1,253.69	
Apr 18, 2001	1,238.16	
Apr 17, 2001	1,191.81	
Apr 16, 2001	1,179.68	
Apr 12, 2001	1,183.50	
Apr 11, 2001	1,165.89	
Apr 10, 2001	1,168.38	
Apr 9, 2001	    1,137.59	
Apr 6, 2001	    1,128.43	
Apr 5, 2001	    1,151.44	
Apr 4, 2001	    1,103.25	
Apr 3, 2001	    1,106.46	
Apr 2, 2001	    1,145.87	
Mar 30, 2001	1,160.33	
Mar 29, 2001	1,147.95	
Mar 28, 2001	1,153.29	
Mar 27, 2001	1,182.17	
Mar 26, 2001	1,152.69	
Mar 23, 2001	1,139.83	
Mar 22, 2001	1,117.58	
Mar 21, 2001	1,122.14	
Mar 20, 2001	1,142.62	
Mar 19, 2001	1,170.81	
Mar 16, 2001	1,150.53	
Mar 15, 2001	1,173.56	
Mar 14, 2001	1,166.71	
Mar 13, 2001	1,197.66	
Mar 12, 2001	1,180.16	
Mar 9, 2001	    1,233.42	
Mar 8, 2001	    1,264.74	
Mar 7, 2001	    1,261.89	
Mar 6, 2001	    1,253.80	
Mar 5, 2001	    1,241.41	
Mar 2, 2001	    1,234.18	
Mar 1, 2001	    1,241.23	
Feb 28, 2001	1,239.94	
Feb 27, 2001	1,257.94	
Feb 26, 2001	1,267.65	
Feb 23, 2001	1,245.86	
Feb 22, 2001	1,252.82	
Feb 21, 2001	1,255.27	
Feb 20, 2001	1,278.94	
Feb 16, 2001	1,301.53	
Feb 15, 2001	1,326.61	
Feb 14, 2001	1,315.92	
Feb 13, 2001	1,318.80	
Feb 12, 2001	1,330.31	
Feb 9, 2001	    1,314.76	
Feb 8, 2001	    1,332.53	
Feb 7, 2001	    1,340.89	
Feb 6, 2001	    1,352.26	
Feb 5, 2001	    1,354.31	
Feb 2, 2001	    1,349.47	
Feb 1, 2001	    1,373.47	
Jan 31, 2001	1,366.01	
Jan 30, 2001	1,373.73	
Jan 29, 2001	1,364.17	
Jan 26, 2001	1,354.95	
Jan 25, 2001	1,357.51	
Jan 24, 2001	1,364.30	
Jan 23, 2001	1,360.40	
Jan 22, 2001	1,342.90	
Jan 19, 2001	1,342.54	
Jan 18, 2001	1,347.97	
Jan 17, 2001	1,329.47	
Jan 16, 2001	1,326.65	
Jan 12, 2001	1,318.55	
Jan 11, 2001	1,326.82	
Jan 10, 2001	1,313.27	
Jan 9, 2001	    1,300.80	
Jan 8, 2001	    1,295.86	
Jan 5, 2001	    1,298.35	
Jan 4, 2001	    1,333.34	
Jan 3, 2001	    1,347.56	
Jan 2, 2001	    1,283.27	
Dec 29, 2000	1,320.28	
Dec 28, 2000	1,334.22	
Dec 27, 2000	1,328.92	
Dec 26, 2000	1,315.19	
Dec 22, 2000	1,305.95	
Dec 21, 2000	1,274.86	
Dec 20, 2000	1,264.74	
Dec 19, 2000	1,305.60	
Dec 18, 2000	1,322.74	
Dec 15, 2000	1,312.15	
Dec 14, 2000	1,340.93	
Dec 13, 2000	1,359.99	
Dec 12, 2000	1,371.18	
Dec 11, 2000	1,380.20	
Dec 8, 2000	    1,369.89	
Dec 7, 2000	    1,343.55	
Dec 6, 2000	    1,351.46	
Dec 5, 2000	    1,376.54	
Dec 4, 2000	    1,324.97	
Dec 1, 2000	    1,315.23	
Nov 30, 2000	1,314.95	
Nov 29, 2000	1,341.93	
Nov 28, 2000	1,336.09	
Nov 27, 2000	1,348.97	
Nov 24, 2000	1,341.77	
Nov 22, 2000	1,322.36	
Nov 21, 2000	1,347.35	
Nov 20, 2000	1,342.62	
Nov 17, 2000	1,367.72	
Nov 16, 2000	1,372.32	
Nov 15, 2000	1,389.81	
Nov 14, 2000	1,382.95	
Nov 13, 2000	1,351.26	
Nov 10, 2000	1,365.98	
Nov 9, 2000	    1,400.14	
Nov 8, 2000	    1,409.28	
Nov 7, 2000	    1,431.87	
Nov 6, 2000	    1,432.19	
Nov 3, 2000	    1,426.69	
Nov 2, 2000	    1,428.32	
Nov 1, 2000	    1,421.22	
Oct 31, 2000	1,429.40	
Oct 30, 2000	1,398.66	
Oct 27, 2000	1,379.58	
Oct 26, 2000	1,364.44	
Oct 25, 2000	1,364.90	
Oct 24, 2000	1,398.13	
Oct 23, 2000	1,395.78	
Oct 20, 2000	1,396.93	
Oct 19, 2000	1,388.76	
Oct 18, 2000	1,342.13	
Oct 17, 2000	1,349.97	
Oct 16, 2000	1,374.62	
Oct 13, 2000	1,374.17	
Oct 12, 2000	1,329.78	
Oct 11, 2000	1,364.59	
Oct 10, 2000	1,387.02	
Oct 9, 2000	    1,402.03	
Oct 6, 2000	    1,408.99	
Oct 5, 2000	    1,436.28	
Oct 4, 2000	    1,434.32	
Oct 3, 2000	    1,426.46	
Oct 2, 2000	    1,436.23	
Sep 29, 2000	1,436.51	
Sep 28, 2000	1,458.29	
Sep 27, 2000	1,426.57	
Sep 26, 2000	1,427.21	
Sep 25, 2000	1,439.03	
Sep 22, 2000	1,448.72	
Sep 21, 2000	1,449.05	
Sep 20, 2000	1,451.34	
Sep 19, 2000	1,459.90	
Sep 18, 2000	1,444.51	
Sep 15, 2000	1,465.81	
Sep 14, 2000	1,480.87	
Sep 13, 2000	1,484.91	
Sep 12, 2000	1,481.99	
Sep 11, 2000	1,489.26	
Sep 8, 2000	    1,494.50	
Sep 7, 2000	    1,502.51	
Sep 6, 2000	    1,492.25	
Sep 5, 2000	    1,507.08	
Sep 1, 2000	    1,520.77	
Aug 31, 2000	1,517.68	
Aug 30, 2000	1,502.59	
Aug 29, 2000	1,509.84	
Aug 28, 2000	1,514.09	
Aug 25, 2000	1,506.45	
Aug 24, 2000	1,508.31	
Aug 23, 2000	1,505.97	
Aug 22, 2000	1,498.13	
Aug 21, 2000	1,499.48	
Aug 18, 2000	1,491.72	
Aug 17, 2000	1,496.07	
Aug 16, 2000	1,479.85	
Aug 15, 2000	1,484.43	
Aug 14, 2000	1,491.56	
Aug 11, 2000	1,471.84	
Aug 10, 2000	1,460.25	
Aug 9, 2000	    1,472.87	
Aug 8, 2000	    1,482.80	
Aug 7, 2000	    1,479.32	
Aug 4, 2000	    1,462.93	
Aug 3, 2000	    1,452.56	
Aug 2, 2000	    1,438.70	
Aug 1, 2000	    1,438.10	
Jul 31, 2000	1,430.83	
Jul 28, 2000	1,419.89	
Jul 27, 2000	1,449.62	
Jul 26, 2000	1,452.42	
Jul 25, 2000	1,474.47	
Jul 24, 2000	1,464.29	
Jul 21, 2000	1,480.19	
Jul 20, 2000	1,495.57	
Jul 19, 2000	1,481.96	
Jul 18, 2000	1,493.74	
Jul 17, 2000	1,510.49	
Jul 14, 2000	1,509.98	
Jul 13, 2000	1,495.84	
Jul 12, 2000	1,492.92	
Jul 11, 2000	1,480.88	
Jul 10, 2000	1,475.62	
Jul 7, 2000	    1,478.90	
Jul 6, 2000	    1,456.67	
Jul 5, 2000	    1,446.23	
Jul 3, 2000	    1,469.54	
Jun 30, 2000	1,454.60	
Jun 29, 2000	1,442.39	
Jun 28, 2000	1,454.82	
Jun 27, 2000	1,450.55	
Jun 26, 2000	1,455.31	
Jun 23, 2000	1,441.48	
Jun 22, 2000	1,452.18	
Jun 21, 2000	1,479.13	
Jun 20, 2000	1,475.95	
Jun 19, 2000	1,486.00	
Jun 16, 2000	1,464.46	
Jun 15, 2000	1,478.73	
Jun 14, 2000	1,470.54	
Jun 13, 2000	1,469.44	
Jun 12, 2000	1,446.00	
Jun 9, 2000	    1,456.95	
Jun 8, 2000	    1,461.67	
Jun 7, 2000	    1,471.36	
Jun 6, 2000	    1,457.84	
Jun 5, 2000	    1,467.63	
Jun 2, 2000	    1,477.26	
Jun 1, 2000	    1,448.81	
May 31, 2000	1,420.60	
May 30, 2000	1,422.45	
May 26, 2000	1,378.02	
May 25, 2000	1,381.52	
May 24, 2000	1,399.05	
May 23, 2000	1,373.86	
May 22, 2000	1,400.72	
May 19, 2000	1,406.95	
May 18, 2000	1,437.21	
May 17, 2000	1,447.80	
May 16, 2000	1,466.04	
May 15, 2000	1,452.36	
May 12, 2000	1,420.96	
May 11, 2000	1,407.81	
May 10, 2000	1,383.05	
May 9, 2000	    1,412.14	
May 8, 2000	    1,424.17	
May 5, 2000	    1,432.63	
May 4, 2000	    1,409.57	
May 3, 2000	    1,415.10	
May 2, 2000	    1,446.29	
May 1, 2000	    1,468.25	
Apr 28, 2000	1,452.43	
Apr 27, 2000	1,464.92	
Apr 26, 2000	1,460.99	
Apr 25, 2000	1,477.44	
Apr 24, 2000	1,429.86	
Apr 20, 2000	1,434.54	
Apr 19, 2000	1,427.47	
Apr 18, 2000	1,441.61	
Apr 17, 2000	1,401.44	
Apr 14, 2000	1,356.56	
Apr 13, 2000	1,440.51	
Apr 12, 2000	1,467.17	
Apr 11, 2000	1,500.59	
Apr 10, 2000	1,504.46	
Apr 7, 2000	    1,516.35	
Apr 6, 2000	    1,501.34	
Apr 5, 2000	    1,487.37	
Apr 4, 2000	    1,494.73	
Apr 3, 2000	    1,505.97	
Mar 31, 2000	1,498.58	
Mar 30, 2000	1,487.92	
Mar 29, 2000	1,508.52	
Mar 28, 2000	1,507.73	
Mar 27, 2000	1,523.86	
Mar 24, 2000	1,527.46	
Mar 23, 2000	1,527.35	
Mar 22, 2000	1,500.64	
Mar 21, 2000	1,493.87	
Mar 20, 2000	1,456.63	
Mar 17, 2000	1,464.47	
Mar 16, 2000	1,458.47	
Mar 15, 2000	1,392.14	
Mar 14, 2000	1,359.15	
Mar 13, 2000	1,383.62	
Mar 10, 2000	1,395.07	
Mar 9, 2000	    1,401.69	
Mar 8, 2000	    1,366.70	
Mar 7, 2000	    1,355.62	
Mar 6, 2000	    1,391.28	
Mar 3, 2000	    1,409.17	
Mar 2, 2000	    1,381.76	
Mar 1, 2000	    1,379.19	
Feb 29, 2000	1,366.42	
Feb 28, 2000	1,348.05	
Feb 25, 2000	1,333.36	
Feb 24, 2000	1,353.43	
Feb 23, 2000	1,360.69	
Feb 22, 2000	1,352.17	
Feb 18, 2000	1,346.09	
Feb 17, 2000	1,388.26	
Feb 16, 2000	1,387.67	
Feb 15, 2000	1,402.05	
Feb 14, 2000	1,389.94	
Feb 11, 2000	1,387.12	
Feb 10, 2000	1,416.83	
Feb 9, 2000	    1,411.71	
Feb 8, 2000	    1,441.72	
Feb 7, 2000	    1,424.24	
Feb 4, 2000	    1,424.37	
Feb 3, 2000	    1,424.97	
Feb 2, 2000	    1,409.12	
Feb 1, 2000	    1,409.28	
Jan 31, 2000	1,394.46	
Jan 28, 2000	1,360.16	
Jan 27, 2000	1,398.56	
Jan 26, 2000	1,404.09	
Jan 25, 2000	1,410.03	
Jan 24, 2000	1,401.53	
Jan 21, 2000	1,441.36	
Jan 20, 2000	1,445.57	
Jan 19, 2000	1,455.90	
Jan 18, 2000	1,455.14	
Jan 14, 2000	1,465.15	
Jan 13, 2000	1,449.68	
Jan 12, 2000	1,432.25	
Jan 11, 2000	1,438.56	
Jan 10, 2000	1,457.60	
Jan 7, 2000	    1,441.47	
Jan 6, 2000	    1,403.45	
Jan 5, 2000	    1,402.11	
Jan 4, 2000	    1,399.42	
Jan 3, 2000	    1,455.22	
Dec 31, 1999	1,469.25	
Dec 30, 1999	1,464.47	
Dec 29, 1999	1,463.46	
Dec 28, 1999	1,457.66	
Dec 27, 1999	1,457.10	
Dec 23, 1999	1,458.34	
Dec 22, 1999	1,436.13	
Dec 21, 1999	1,433.43	
Dec 20, 1999	1,418.09	
Dec 17, 1999	1,421.03	
Dec 16, 1999	1,418.78	
Dec 15, 1999	1,413.33	
Dec 14, 1999	1,403.17	
Dec 13, 1999	1,415.22	
Dec 10, 1999	1,417.04	
Dec 9, 1999	    1,408.11	
Dec 8, 1999	    1,403.88	
Dec 7, 1999	    1,409.17	
Dec 6, 1999	    1,423.33	
Dec 3, 1999	    1,433.30	
Dec 2, 1999	    1,409.04	
Dec 1, 1999	    1,397.72	
Nov 30, 1999	1,388.91	
Nov 29, 1999	1,407.83	
Nov 26, 1999	1,416.62	
Nov 24, 1999	1,417.08	
Nov 23, 1999	1,404.64	
Nov 22, 1999	1,420.94	
Nov 19, 1999	1,422.00	
Nov 18, 1999	1,424.94	
Nov 17, 1999	1,410.71	
Nov 16, 1999	1,420.07	
Nov 15, 1999	1,394.39	
Nov 12, 1999	1,396.06	
Nov 11, 1999	1,381.46	
Nov 10, 1999	1,373.46	
Nov 9, 1999	    1,365.28	
Nov 8, 1999	    1,377.01	
Nov 5, 1999	    1,370.23	
Nov 4, 1999	    1,362.64	
Nov 3, 1999	    1,354.93	
Nov 2, 1999	    1,347.74	
Nov 1, 1999	    1,354.12	
Oct 29, 1999	1,362.93	
Oct 28, 1999	1,342.44	
Oct 27, 1999	1,296.71	
Oct 26, 1999	1,281.91	
Oct 25, 1999	1,293.63	
Oct 22, 1999	1,301.65	
Oct 21, 1999	1,283.61	
Oct 20, 1999	1,289.43	
Oct 19, 1999	1,261.32	
Oct 18, 1999	1,254.13	
Oct 15, 1999	1,247.41	
Oct 14, 1999	1,283.42	
Oct 13, 1999	1,285.55	
Oct 12, 1999	1,313.04	
Oct 11, 1999	1,335.21	
Oct 8, 1999	    1,336.02	
Oct 7, 1999	    1,317.64	
Oct 6, 1999	    1,325.40	
Oct 5, 1999	    1,301.35	
Oct 4, 1999	    1,304.60	
Oct 1, 1999	    1,282.81	
Sep 30, 1999	1,282.71	
Sep 29, 1999	1,268.37	
Sep 28, 1999	1,282.20	
Sep 27, 1999	1,283.31	
Sep 24, 1999	1,277.36	
Sep 23, 1999	1,280.41	
Sep 22, 1999	1,310.51	
Sep 21, 1999	1,307.58	
Sep 20, 1999	1,335.53	
Sep 17, 1999	1,335.42	
Sep 16, 1999	1,318.48	
Sep 15, 1999	1,317.97	
Sep 14, 1999	1,336.29	
Sep 13, 1999	1,344.13	
Sep 10, 1999	1,351.66	
Sep 9, 1999	    1,347.66	
Sep 8, 1999	    1,344.15	
Sep 7, 1999	    1,350.45	
Sep 3, 1999	    1,357.24	
Sep 2, 1999	    1,319.11	
Sep 1, 1999	    1,331.07	
Aug 31, 1999	1,320.41	
Aug 30, 1999	1,324.02	
Aug 27, 1999	1,348.27	
Aug 26, 1999	1,362.01	
Aug 25, 1999	1,381.79	
Aug 24, 1999	1,363.50	
Aug 23, 1999	1,360.22	
Aug 20, 1999	1,336.61	
Aug 19, 1999	1,323.59	
Aug 18, 1999	1,332.84	
Aug 17, 1999	1,344.16	
Aug 16, 1999	1,330.77	
Aug 13, 1999	1,327.68	
Aug 12, 1999	1,298.16	
Aug 11, 1999	1,301.93	
Aug 10, 1999	1,281.43	
Aug 9, 1999	    1,297.80	
Aug 6, 1999	    1,300.29	
Aug 5, 1999	    1,313.71	
Aug 4, 1999	    1,305.33	
Aug 3, 1999	    1,322.18	
Aug 2, 1999	    1,328.05	
Jul 30, 1999	1,328.72	
Jul 29, 1999	1,341.03	
Jul 28, 1999	1,365.40	
Jul 27, 1999	1,362.84	
Jul 26, 1999	1,347.76	
Jul 23, 1999	1,356.94	
Jul 22, 1999	1,360.97	
Jul 21, 1999	1,379.29	
Jul 20, 1999	1,377.10	
Jul 19, 1999	1,407.65	
Jul 16, 1999	1,418.78	
Jul 15, 1999	1,409.62	
Jul 14, 1999	1,398.17	
Jul 13, 1999	1,393.56	
Jul 12, 1999	1,399.10	
Jul 9, 1999	    1,403.28	
Jul 8, 1999	    1,394.42	
Jul 7, 1999	    1,395.86	
Jul 6, 1999	    1,388.12	
Jul 2, 1999	    1,391.22	
Jul 1, 1999	    1,380.96	
Jun 30, 1999	1,372.71	
Jun 29, 1999	1,351.45	
Jun 28, 1999	1,331.35	
Jun 25, 1999	1,315.31	
Jun 24, 1999	1,315.78	
Jun 23, 1999	1,333.06	
Jun 22, 1999	1,335.88	
Jun 21, 1999	1,349.00	
Jun 18, 1999	1,342.84	
Jun 17, 1999	1,339.90	
Jun 16, 1999	1,330.41	
Jun 15, 1999	1,301.16	
Jun 14, 1999	1,294.00	
Jun 11, 1999	1,293.64	
Jun 10, 1999	1,302.82	
Jun 9, 1999	    1,318.64	
Jun 8, 1999	    1,317.33	
Jun 7, 1999	    1,334.52	
Jun 4, 1999	    1,327.75	
Jun 3, 1999	    1,299.54	
Jun 2, 1999	    1,294.81	
Jun 1, 1999	    1,294.26	
May 28, 1999	1,301.84	
May 27, 1999	1,281.41	
May 26, 1999	1,304.76	
May 25, 1999	1,284.40	
May 24, 1999	1,306.65	
May 21, 1999	1,330.29	
May 20, 1999	1,338.83	
May 19, 1999	1,344.23	
May 18, 1999	1,333.32	
May 17, 1999	1,339.49	
May 14, 1999	1,337.80	
May 13, 1999	1,367.56	
May 12, 1999	1,364.00	
May 11, 1999	1,355.61	
May 10, 1999	1,340.30	
May 7, 1999	    1,345.00	
May 6, 1999	    1,332.05	
May 5, 1999	    1,347.31	
May 4, 1999	    1,332.00	
May 3, 1999	    1,354.63	
Apr 30, 1999	1,335.18	
Apr 29, 1999	1,342.83	
Apr 28, 1999	1,350.91	
Apr 27, 1999	1,362.80	
Apr 26, 1999	1,360.04	
Apr 23, 1999	1,356.85	
Apr 22, 1999	1,358.82	
Apr 21, 1999	1,336.12	
Apr 20, 1999	1,306.17	
Apr 19, 1999	1,289.48	
Apr 16, 1999	1,319.00	
Apr 15, 1999	1,322.85	
Apr 14, 1999	1,328.44	
Apr 13, 1999	1,349.82	
Apr 12, 1999	1,358.63	
Apr 9, 1999	    1,348.35	
Apr 8, 1999	    1,343.98	
Apr 7, 1999	    1,326.89	
Apr 6, 1999	    1,317.89	
Apr 5, 1999	    1,321.12	
Apr 1, 1999	    1,293.72	
Mar 31, 1999	1,286.37	
Mar 30, 1999	1,300.75	
Mar 29, 1999	1,310.17	
Mar 26, 1999	1,282.80	
Mar 25, 1999	1,289.99	
Mar 24, 1999	1,268.59	
Mar 23, 1999	1,262.14	
Mar 22, 1999	1,297.01	
Mar 19, 1999	1,299.29	
Mar 18, 1999	1,316.55	
Mar 17, 1999	1,297.82	
Mar 16, 1999	1,306.38	
Mar 15, 1999	1,307.26	
Mar 12, 1999	1,294.59	
Mar 11, 1999	1,297.68	
Mar 10, 1999	1,286.84	
Mar 9, 1999	    1,279.84	
Mar 8, 1999	    1,282.73	
Mar 5, 1999	    1,275.47	
Mar 4, 1999	    1,246.64	
Mar 3, 1999	    1,227.70	
Mar 2, 1999	    1,225.50	
Mar 1, 1999	    1,236.16	
Feb 26, 1999	1,238.33	
Feb 25, 1999	1,245.02	
Feb 24, 1999	1,253.41	
Feb 23, 1999	1,271.18	
Feb 22, 1999	1,272.14	
Feb 19, 1999	1,239.22	
Feb 18, 1999	1,237.28	
Feb 17, 1999	1,224.03	
Feb 16, 1999	1,241.87	
Feb 12, 1999	1,230.13	
Feb 11, 1999	1,254.04	
Feb 10, 1999	1,223.55	
Feb 9, 1999	    1,216.14	
Feb 8, 1999	    1,243.77	
Feb 5, 1999	    1,239.40	
Feb 4, 1999	    1,248.49	
Feb 3, 1999	    1,272.07	
Feb 2, 1999	    1,261.99	
Feb 1, 1999	    1,273.00	
Jan 29, 1999	1,279.64	
Jan 28, 1999	1,265.37	
Jan 27, 1999	1,243.17	
Jan 26, 1999	1,252.31	
Jan 25, 1999	1,233.98	
Jan 22, 1999	1,225.19	
Jan 21, 1999	1,235.16	
Jan 20, 1999	1,256.62	
Jan 19, 1999	1,252.00	
Jan 15, 1999	1,243.26	
Jan 14, 1999	1,212.19	
Jan 13, 1999	1,234.40	
Jan 12, 1999	1,239.51	
Jan 11, 1999	1,263.88	
Jan 8, 1999	    1,275.09	
Jan 7, 1999	    1,269.73	
Jan 6, 1999	    1,272.34	
Jan 5, 1999	    1,244.78	
Jan 4, 1999	    1,228.10	
Dec 31, 1998	1,229.23	
Dec 30, 1998	1,231.93	
Dec 29, 1998	1,241.81	
Dec 28, 1998	1,225.49	
Dec 24, 1998	1,226.27	
Dec 23, 1998	1,228.54	
Dec 22, 1998	1,203.57	
Dec 21, 1998	1,202.84	
Dec 18, 1998	1,188.03	
Dec 17, 1998	1,179.98	
Dec 16, 1998	1,161.94	
Dec 15, 1998	1,162.83	
Dec 14, 1998	1,141.20	
Dec 11, 1998	1,166.46	
Dec 10, 1998	1,165.02	
Dec 9, 1998	    1,183.49	
Dec 8, 1998	    1,181.38	
Dec 7, 1998	    1,187.70	
Dec 4, 1998	    1,176.74	
Dec 3, 1998	    1,150.14	
Dec 2, 1998	    1,171.25	
Dec 1, 1998	    1,175.28	
Nov 30, 1998	1,163.63	
Nov 27, 1998	1,192.33	
Nov 25, 1998	1,186.87	
Nov 24, 1998	1,182.99	
Nov 23, 1998	1,188.21	
Nov 20, 1998	1,163.55	
Nov 19, 1998	1,152.61	
Nov 18, 1998	1,144.48	
Nov 17, 1998	1,139.32	
Nov 16, 1998	1,135.87	
Nov 13, 1998	1,125.72	
Nov 12, 1998	1,117.69	
Nov 11, 1998	1,120.97	
Nov 10, 1998	1,128.26	
Nov 9, 1998	    1,130.20	
Nov 6, 1998	    1,141.01	
Nov 5, 1998	    1,133.85	
Nov 4, 1998	    1,118.67	
Nov 3, 1998	    1,110.84	
Nov 2, 1998	    1,111.60	
Oct 30, 1998	1,098.67	
Oct 29, 1998	1,085.93	
Oct 28, 1998	1,068.09	
Oct 27, 1998	1,065.34	
Oct 26, 1998	1,072.32	
Oct 23, 1998	1,070.67	
Oct 22, 1998	1,078.48	
Oct 21, 1998	1,069.92	
Oct 20, 1998	1,063.93	
Oct 19, 1998	1,062.39	
Oct 16, 1998	1,056.42	
Oct 15, 1998	1,047.49	
Oct 14, 1998	1005
Oct 13, 1998	994.80	
Oct 12, 1998	997.71	
Oct 9, 1998	    984.39	
Oct 8, 1998	    959.44	
Oct 7, 1998	    970
Oct 6, 1998	    984
Oct 5, 1998	    988
Oct 2, 1998	    1002
Oct 1, 1998	    986
Sep 30, 1998	1,017.01	
Sep 29, 1998	1,049.02	
Sep 28, 1998	1,048.69	
Sep 25, 1998	1,044.75	
Sep 24, 1998	1,042.72	
Sep 23, 1998	1,066.09	
Sep 22, 1998	1,029.63	
Sep 21, 1998	1,023.89	
Sep 18, 1998	1,020.09	
Sep 17, 1998	1,018.87	
Sep 16, 1998	1,045.48	